@format=row	BXD65b	BXD53	BXD100	BXD66	BXD73b	B6D2F1	BXD40	BXD61	BXD51	BXD77	C57BL/6J	BXD67	BXD98	BXD73	BXD70	D2B6F1	BXD89	BXD63	DBA/2J	BXD29	BXD32
X2.Piperidinone	1232.0	1852.5	1565.5	1255.0	1153.0	1449.1666666666667	1318.25	1030.0	1399.5	1100.5	1222.9285714285713	1308.75	1961.5	1256.5	1099.0	1328.5	3405.0	1430.25	1123.0	1247.6666666666667	1527.5
X5.Aminopentanal	1964.5	1247.5	1434.0	1444.0	1442.75	1583.6666666666667	2008.0	1210.0	1164.0	1266.25	1539.7619047619048	1208.0	2125.5	1378.6666666666667	1387.25	1276.8333333333333	1602.0	1620.75	1429.0	1440.3333333333333	2885.75
Valeric.acid	12172.0	9340.5	5243.0	7691.5	5436.0	6030.0	10244.75	6766.0	8094.5	8562.25	7971.5	7840.0	8231.5	7173.166666666667	7327.25	6221.833333333333	9541.5	6058.5	8652.0	6753.5	8263.25
Dimethylglycine	12750.5	168929.5	116351.5	77883.5	93011.5	90879.33333333333	61852.75	98783.5	138687.5	55330.75	66568.76190476191	63511.5	164487.5	82432.0	96270.0	69293.5	109950.5	68746.0	84360.66666666667	70458.5	186869.75
X2.Hydroxybutyric.acid	7407.0	37814.0	31717.0	37822.5	40852.0	48576.333333333336	24844.75	35723.5	67050.0	23277.5	32272.35714285714	30650.0	61673.0	40244.5	41958.25	30913.5	50349.5	26702.25	69174.33333333333	26536.166666666668	78094.0
L.Serine	11742.0	186012.0	29682.5	25123.0	20051.5	32493.833333333332	18859.5	16213.5	14823.5	22678.5	16223.047619047618	16356.0	13465.0	22052.666666666668	14671.0	22733.333333333332	21471.5	31087.25	22357.5	17120.333333333332	22548.25
p.Cresol	7297.0	9519.5	9584.5	6492.5	6671.0	7652.333333333333	8551.0	7514.0	9091.5	7977.0	7695.619047619048	6082.0	9633.5	6330.5	5761.0	6716.0	11307.5	7636.0	7747.333333333333	7835.333333333333	11822.25
Imidazole.4.acetaldehyde	5326.0	16482.5	16238.0	18070.5	12959.0	13133.0	12497.5	12758.0	13271.5	12332.5	12873.02380952381	11363.75	12659.5	12425.0	10457.0	13285.333333333334	13215.0	14030.0	12717.5	14264.0	14598.25
X2.3.Butanediol	1591.5	1332.0	988.5	1021.0	1535.25	1147.1666666666667	2068.25	894.5	1571.5	1176.25	1490.4285714285713	1507.5	1862.0	1299.8333333333333	1164.75	1142.6666666666667	2005.0	1306.0	1554.0	1585.0	1500.75
Pyrrole.2.carboxylic.acid	5219.0	20414.0	11934.5	14920.0	13055.25	12598.833333333334	14035.25	18064.5	19216.0	15260.5	10566.0	15328.0	16890.0	14985.666666666666	11335.25	11133.333333333334	17459.5	19062.0	16041.333333333334	13512.333333333334	15243.5
Histamine	1696.5	15605.0	14770.5	10366.0	9124.25	11738.5	7517.0	8141.0	6455.0	8888.75	7382.476190476191	7255.25	8817.0	11480.666666666666	6433.25	10043.166666666666	10508.5	9485.0	11483.333333333334	9515.333333333334	15639.5
X3.Furoic.acid	13574.0	16500.0	19081.5	15833.0	18543.0	14958.166666666666	16203.75	17283.0	25342.0	16935.5	18382.404761904763	17169.75	16183.5	18840.666666666668	19669.25	17225.833333333332	14721.5	14655.75	23010.666666666668	15567.166666666666	17415.25
Uracil	10715.0	282192.0	47555.5	52761.5	44994.0	47065.166666666664	57809.0	70526.0	101709.5	58409.0	48102.40476190476	64781.75	152921.5	56660.166666666664	44867.25	42213.333333333336	117797.5	80725.5	63964.5	50167.166666666664	64209.75
trans.1.2.Dihydrobenzene.1.2.diol	6401.5	3101.5	2984.5	3673.5	5049.25	3755.1666666666665	5691.75	3509.5	4374.0	4051.75	4773.714285714285	4048.25	5962.0	3761.6666666666665	3305.75	3684.3333333333335	5926.0	3735.75	5760.333333333333	4782.333333333333	3926.25
Creatinine	24056.5	26848.5	46397.0	32314.5	48468.0	43993.666666666664	43375.0	36658.5	38827.0	36388.5	37713.09523809524	40113.0	47151.5	30135.166666666668	37660.5	33722.666666666664	42377.0	26604.25	29351.666666666668	37242.333333333336	38005.5
Dihydrouracil	7906.5	64846.5	14480.0	16008.0	11827.5	16051.166666666666	10757.0	12015.0	13878.5	12470.0	10612.57142857143	9776.0	13647.5	13235.833333333334	9076.25	12891.666666666666	11380.0	13658.5	12702.333333333334	11261.0	12456.5
Delta.Hexanolactone	2751.5	2647.0	1749.0	2046.5	1985.0	1975.1666666666667	4710.5	2127.0	3109.5	2269.25	2273.904761904762	2720.5	3701.5	2207.5	2481.0	2032.1666666666667	2992.5	1748.25	2957.0	2193.6666666666665	3228.0
X3.Amino.2.piperidone	699.5	1899.0	1361.0	1658.0	924.25	979.0	1482.5	1016.0	1348.0	978.0	984.0	844.25	1188.0	1255.0	906.5	1196.3333333333333	817.0	1329.5	1630.0	924.1666666666666	1930.75
L.Proline	28565.0	471472.5	86349.0	87034.5	57180.5	159233.16666666666	93897.0	71480.5	123828.5	58362.25	63749.833333333336	58751.0	451089.5	66944.16666666667	57463.0	73080.16666666667	348948.5	82645.75	73516.33333333333	65686.66666666667	155498.75
Fumaric.acid	9944.0	151773.5	121776.5	143580.5	91862.0	68401.33333333333	75686.75	97790.0	45530.0	152099.75	75199.26190476191	129250.75	145490.0	86883.66666666667	110169.5	102808.83333333333	73978.5	104848.0	132806.33333333334	99895.16666666667	150921.5
Alpha.ketoisovaleric.acid	9870.5	12824.0	7319.0	8221.5	7846.75	7472.5	8955.0	6480.0	7404.0	5950.25	7282.738095238095	9245.25	8802.5	7550.333333333333	5975.25	7075.166666666667	8791.0	6239.5	7192.0	6163.0	6470.0
Caproic.acid	12712.0	6155.5	5903.5	10372.0	9479.5	8689.333333333334	11037.0	7400.5	14650.5	10511.75	10865.42857142857	10545.25	13700.0	8582.666666666666	9827.25	8672.666666666666	16023.5	7388.5	10326.666666666666	11335.833333333334	7719.0
L.Aspartate.semialdehyde	2300.5	7228.5	6819.0	5135.0	9732.25	7537.833333333333	4923.5	5848.5	10404.5	5080.25	6037.928571428572	4562.5	15741.0	5621.333333333333	5150.75	5839.5	11909.0	5511.75	4803.5	6539.333333333333	5626.75
L.Valine	47076.5	788439.0	143835.0	167139.5	104638.5	157635.5	149346.0	121211.5	148010.0	101693.25	115526.02380952382	122433.5	741888.0	114381.5	87461.25	136681.33333333334	302893.0	128807.0	123292.5	135758.16666666666	202580.0
Methylmalonic.acid	33400.5	91708.0	345129.0	526427.0	412777.25	456697.6666666667	258991.75	333712.0	449123.5	444981.25	240321.2857142857	397811.0	978160.0	350845.6666666667	302900.0	454171.0	571121.5	345320.5	502766.5	468316.3333333333	478588.0
X2.Hydroxy.3.methylbutyric.acid	2691.5	7875.5	7859.0	6614.0	10772.25	10396.333333333334	5309.75	5316.5	5978.0	4669.5	8593.52380952381	4186.5	7038.0	6133.166666666667	5305.25	7532.5	6716.0	4334.5	9953.666666666666	5600.833333333333	12126.75
L.Threonine	5932.0	201690.0	39324.0	34955.0	27493.25	42504.666666666664	26595.0	23094.5	28783.0	25998.0	20780.309523809523	22117.0	66807.5	25213.666666666668	19158.5	26961.833333333332	53122.0	47429.5	27071.833333333332	24785.166666666668	35039.75
X3.Methylthiopropionic.acid	7617.0	4802.5	4726.0	5520.5	5221.5	4595.5	6312.5	4827.5	4351.5	5437.75	5515.380952380952	4928.75	4341.5	5208.833333333333	5157.75	4833.666666666667	4636.5	4550.0	5138.833333333333	5349.0	4734.75
X4.Hydroxystyrene	9408.5	27395.5	7670.5	9320.0	7640.25	9736.5	8660.25	6553.0	12074.0	8855.75	10017.619047619048	8034.25	15372.0	8855.833333333334	7124.25	7826.666666666667	13433.0	9185.25	9040.5	7558.166666666667	16754.5
Niacinamide	10559.5	43510.5	26711.5	27534.5	25765.75	34222.5	34154.5	25191.5	29173.5	17731.75	18985.785714285714	31787.0	21620.5	25631.5	16760.25	31934.333333333332	32140.0	31393.0	25172.5	23719.666666666668	23642.75
Nicotinic.acid	5656.5	10265.5	6658.0	7370.0	6756.25	7973.833333333333	8063.75	7386.5	9288.5	6465.0	7178.238095238095	6995.75	15682.0	7444.166666666667	5803.5	7029.166666666667	11653.5	7390.75	7101.5	7038.0	7580.75
X2.Hydroxyethanesulfonate	27180.0	33575.5	81635.5	105086.5	38112.0	55798.333333333336	59538.25	60972.0	56314.5	79430.5	65712.97619047618	69744.0	49705.5	67612.5	82137.75	70555.66666666667	39075.0	43766.25	64362.333333333336	84456.0	63747.0
D.1.Piperideine.2.carboxylic.acid	3362.0	8698.0	6242.5	5649.5	5607.25	6144.0	5196.5	4401.5	9173.5	3589.0	4777.047619047619	4135.0	21527.5	4086.6666666666665	4080.5	5034.0	11240.5	3923.5	3875.8333333333335	4492.333333333333	4857.0
Dihydrothymine	27651.0	194201.0	177968.5	201065.5	126351.5	127649.33333333333	116359.25	125268.0	156429.5	120222.5	127677.42857142857	117865.75	131186.0	118248.5	98045.5	135901.83333333334	132499.0	139327.75	129064.0	150407.66666666666	154137.25
Pyroglutamic.acid	94984.0	838541.0	394935.0	307908.5	276591.5	303547.6666666667	238274.25	299411.0	434875.5	216530.5	262782.2619047619	299186.25	524212.0	272281.1666666667	270183.25	290692.0	492093.5	279714.0	288454.0	316296.3333333333	333971.0
Pipecolic.acid	2732.5	4469.0	4621.0	4047.5	4756.75	5762.166666666667	4735.5	3838.0	6247.5	4271.25	4469.071428571428	4126.25	10003.0	3861.1666666666665	3750.5	4002.3333333333335	5693.0	4411.0	5252.5	4276.333333333333	8850.5
Heptanoic.acid	8043.5	2893.0	2944.0	4733.0	4128.25	4101.0	5597.25	3912.0	4937.5	4572.25	5022.047619047619	4523.25	5118.0	4105.833333333333	4283.25	3988.8333333333335	5470.5	3901.25	4620.5	4476.833333333333	4273.25
Hydroxyproline	2752.5	21843.0	13102.0	8367.0	11215.5	14696.333333333334	8270.25	8449.5	12177.5	10278.5	7164.047619047619	6937.5	31753.0	6833.0	9199.75	9472.0	19644.5	7562.25	10003.5	8867.333333333334	17067.75
Creatine	2282.5	12537.0	6934.5	6343.0	8934.75	8731.166666666666	7235.75	6053.5	9142.5	13465.0	5870.261904761905	7270.5	13928.5	9056.166666666666	8262.5	5693.666666666667	7773.5	6069.0	10202.833333333334	13926.833333333334	11910.25
L.Leucine	109596.5	3277657.5	385269.5	473450.5	318093.0	399552.3333333333	426750.25	337687.5	514103.0	319208.25	371785.04761904763	407122.75	2018975.0	324064.0	255280.0	366129.8333333333	982224.5	346597.75	380618.1666666667	363713.1666666667	571752.0
Ethylmalonic.acid	9154.5	51127.0	41928.0	25711.0	25655.25	27508.666666666668	28241.75	28631.5	45868.5	20348.75	21778.85714285714	23159.75	47685.5	29544.666666666668	21072.25	29818.666666666668	38710.0	27650.75	28822.666666666668	20531.333333333332	42677.0
L.Asparagine	3378.5	235599.5	21004.0	23616.0	15576.75	23883.166666666668	16965.5	18047.0	18777.5	17172.0	14422.785714285714	15422.25	18629.5	17250.666666666668	14475.75	17716.833333333332	17610.5	21684.25	18296.666666666668	16948.833333333332	24780.75
X2.Hydroxy.3.methylpentanoic.acid	3967.5	7082.0	3234.0	4180.0	5252.5	4021.1666666666665	3951.5	3173.5	6289.0	3321.5	4541.571428571428	3721.5	14037.5	4029.1666666666665	3293.25	2958.6666666666665	13595.5	3315.0	4679.666666666667	3515.6666666666665	7593.25
L.Aspartic.acid	10730.0	352747.0	134898.5	67481.5	100746.0	164477.16666666666	52888.5	100881.5	197346.0	48899.0	66894.02380952382	58940.75	118782.0	90635.83333333333	67391.0	113267.33333333333	147287.5	75920.5	62310.5	107116.16666666667	121108.0
L.Malic.acid	36981.5	1051608.5	526910.0	478576.5	529970.75	425449.3333333333	149089.25	389801.0	292132.0	227154.25	237734.47619047618	193350.0	540804.0	430947.3333333333	315898.75	397840.3333333333	414205.5	304422.75	306825.8333333333	386904.6666666667	535754.75
Deoxyribose	2595.5	5312.0	2494.5	2771.5	2254.25	3308.0	2986.75	2226.0	2754.5	2389.0	2356.904761904762	2191.25	6098.5	2242.0	2133.5	2563.0	3899.5	2646.75	2735.0	2346.6666666666665	3603.75
Adenine	143633.5	79277.5	1654891.5	945098.5	1141497.25	1001318.5	1094725.0	3105842.5	2223607.0	936506.25	513092.2380952381	585519.25	3347682.5	1561114.0	854132.5	953507.8333333334	2563645.5	1598329.0	2446798.8333333335	1822904.3333333333	865637.75
X.R..Amphetamine	243.0	339.0	1638.0	807.0	1017.0	847.3333333333334	1270.25	7382.5	3268.0	792.5	538.1904761904761	584.0	8689.0	1882.0	787.25	790.5	4886.0	2081.25	6177.5	2506.0	1072.25
X2.Methylerythritol	1058.5	3169.0	2854.5	2500.0	2331.5	2425.8333333333335	2597.0	5138.5	5008.5	1880.75	1537.452380952381	2081.25	6137.0	3623.6666666666665	2252.25	2345.1666666666665	4525.0	3662.75	4825.166666666667	2958.5	2510.0
Tyramine	1074.0	2097.5	1489.5	1676.0	1536.5	1603.8333333333333	1868.75	1788.5	26793.5	1279.5	1678.2619047619048	1610.0	195777.0	1536.0	2365.25	1434.1666666666667	74296.5	1297.25	1793.1666666666667	2445.3333333333335	1965.0
X3.4.Dihydroxybenzylamine	7019.0	26843.5	8731.0	7440.0	8658.5	9202.166666666666	9790.25	7929.5	18710.5	7781.5	8717.666666666666	9418.0	12096.5	7977.166666666667	11204.5	8191.833333333333	13585.0	7194.5	8748.166666666666	7989.833333333333	11360.0
O.Phosphoethanolamine	16252.5	56807.0	35779.5	29463.0	58802.75	69805.66666666667	28037.25	50031.5	49562.0	35487.75	30069.119047619046	33304.25	52672.5	32488.0	52231.25	30196.5	23833.0	28636.5	58633.333333333336	32816.666666666664	108925.75
L.Histidinol	907.0	1489.5	1671.5	627.0	1567.25	1341.0	818.25	570.5	1033.0	829.5	765.1190476190476	858.0	1174.5	790.3333333333334	885.25	1097.0	892.5	902.75	711.5	1900.8333333333333	657.0
cis.cis.Muconic.acid	271214.0	123589.5	137623.5	157463.5	149022.25	154686.66666666666	192783.75	139421.0	137352.0	151422.75	167545.66666666666	152877.25	147408.0	147673.83333333334	160104.5	151979.0	150544.5	134603.25	159575.83333333334	150313.16666666666	146304.0
X2.Octenoic.acid	5457.0	3469.0	3575.0	3983.0	4879.0	3813.6666666666665	5308.5	2591.5	5185.0	3993.0	4559.285714285715	4126.0	5742.0	3948.8333333333335	4665.0	3675.3333333333335	5620.5	3768.0	5253.5	4860.833333333333	4391.5
Vinylacetylglycine	3170.0	7511.5	10424.0	5473.0	8129.5	9882.333333333334	5762.5	6728.5	10947.0	4464.0	8995.57142857143	12521.0	22292.5	7987.0	12176.5	6999.666666666667	53785.0	9735.75	5811.0	7445.5	8854.75
X3.Hexenedioic.acid	22083.5	100876.5	46207.5	56563.5	43210.25	46065.833333333336	39214.25	29121.0	36374.5	41452.5	39250.166666666664	56391.0	47054.0	50358.0	27686.0	46985.166666666664	35527.0	41923.0	39801.5	36326.833333333336	32813.75
X4.Hydroxycyclohexylcarboxylic.acid	6979.0	4909.5	2635.0	3994.5	3824.5	3350.8333333333335	7604.0	3407.5	4967.0	4562.0	4948.9047619047615	4272.0	5099.0	4251.666666666667	4022.0	3880.8333333333335	6183.5	3831.5	5800.833333333333	4676.0	5198.75
Caprylic.acid	23633.5	8136.0	6197.5	13301.5	8810.25	8875.333333333334	13101.75	8779.5	10319.5	10038.75	14131.619047619048	8683.25	11778.5	9750.666666666666	11038.75	8972.0	9516.5	8666.5	11607.666666666666	9456.333333333334	9289.0
X0	1171.5	6452.0	1109.5	1143.0	1272.0	1058.8333333333333	1117.25	832.0	1506.5	865.0	1131.404761904762	1126.25	2507.5	902.6666666666666	1262.5	1127.3333333333333	1316.0	1133.25	1181.8333333333333	841.8333333333334	1204.5
X2.Keto.glutaramic.acid	979.5	3113.0	2025.0	1469.5	2026.0	2372.5	1302.5	1691.5	6590.5	1074.75	1443.7619047619048	1630.25	1742.0	3387.0	2846.25	1740.5	2783.0	2153.75	1507.5	1888.8333333333333	2126.25
Allysine	6883.5	11784.5	13165.0	15670.0	11959.25	11659.166666666666	20799.25	8888.5	11410.0	12310.0	12744.761904761905	15726.25	29610.0	10873.5	10103.25	12073.833333333334	16323.5	13087.0	11515.0	16219.833333333334	27962.0
X3.Dehydroxycarnitine	1149.5	1350.5	1577.0	1196.5	1469.75	1773.5	2200.0	1258.0	1322.5	1431.0	1213.6190476190477	1403.25	1849.0	2036.3333333333333	1531.25	1651.0	1540.5	2155.5	1467.6666666666667	1461.3333333333333	1920.0
Oxoglutaric.acid	2769.5	14773.0	29809.0	20392.5	23028.5	15880.333333333334	15200.25	24955.0	14185.5	37412.75	15852.119047619048	39258.75	23808.0	14521.166666666666	18167.0	18397.5	21805.0	20792.75	73277.83333333333	27386.666666666668	69252.75
Coumarin	1625.5	2039.0	2266.0	2966.0	2605.0	2472.0	2330.25	2644.5	3285.0	2904.75	2216.5	3025.0	2301.0	2191.8333333333335	2842.25	2035.3333333333333	2432.0	2371.25	5218.833333333333	2451.3333333333335	4400.5
L.Glutamine	136359.0	1546788.0	1412996.5	1567616.0	950309.5	993536.6666666666	894100.75	1026991.0	1218304.0	932661.0	1013501.9761904762	916300.5	948042.5	917015.0	776822.5	1072350.6666666667	1037987.5	1103491.0	1016123.1666666666	1210281.5	1223648.25
L.Lysine	63567.5	958207.5	394404.5	184532.5	175279.75	300220.1666666667	167366.75	167324.5	166058.5	150748.5	124859.28571428571	148975.75	473310.5	165197.33333333334	131150.75	141967.33333333334	443250.0	314263.75	183461.16666666666	167227.66666666666	587087.5
Indole.5.6.quinone	90365.5	56544.5	45251.5	60632.5	51391.25	52769.0	69007.25	47933.5	54036.0	57083.5	59144.619047619046	51401.25	55411.5	54332.5	53262.75	54585.5	56594.5	48955.0	57370.5	52348.5	58988.25
L.Glutamic.acid	27254.0	919027.5	466198.5	327856.5	399941.75	426848.5	228545.75	413942.5	708204.5	196377.5	251483.64285714287	207378.0	398466.0	263816.1666666667	372747.75	306262.0	345852.5	276003.5	324493.1666666667	280803.1666666667	593815.5
D.2.Hydroxyglutaric.acid	15828.5	49463.5	55652.0	38878.5	36028.5	25045.0	38781.25	29491.0	67858.5	33464.0	30385.5	30457.25	119570.5	33250.333333333336	45107.5	23564.333333333332	134233.5	24970.0	41441.666666666664	46269.166666666664	30382.25
Mevalonic.acid	2892.0	18248.5	13334.5	13638.0	9599.25	10359.166666666666	10237.0	9431.0	13600.0	9082.5	9339.214285714286	9636.0	20432.5	9189.5	8273.0	10001.333333333334	15379.5	11357.0	10804.0	10707.833333333334	14534.5
L.Methionine	3442.5	187633.5	11402.5	15127.0	11026.75	15348.166666666666	11037.0	11060.0	17933.0	10441.5	9873.595238095239	13072.5	50576.0	9038.666666666666	9659.75	10414.833333333334	36745.0	13234.5	13217.666666666666	10023.666666666666	22162.0
Tartaric.acid	5840.5	2591.0	36583.0	2951.5	1531.25	4952.5	3694.25	9411.0	3994.5	2460.0	2798.4523809523807	1967.5	1913.0	2219.6666666666665	4190.5	2970.6666666666665	36281.5	7698.5	3258.5	2315.3333333333335	2364.75
D.Ribose	3786.5	32314.0	12695.5	17424.5	10461.25	13245.666666666666	12869.0	11745.5	16565.0	11497.0	10876.738095238095	10766.0	21868.0	11881.5	8229.5	13319.833333333334	16228.0	15033.5	11971.666666666666	9934.5	17985.0
X.....S..Carvone	5362.0	3197.0	3617.5	3437.0	4499.75	3583.5	4302.75	3292.5	4350.5	3328.75	4639.857142857143	3824.0	4994.5	3975.0	3795.5	3527.0	5042.5	3511.25	3633.5	4593.5	3540.75
Acetaminophen	7907.0	7390.5	5961.5	7044.5	6085.0	6842.5	7145.0	5707.0	7387.5	5472.75	6456.976190476191	6017.75	7601.5	6859.333333333333	5840.5	6401.166666666667	7602.0	5648.0	6170.833333333333	5850.833333333333	6838.25
Xanthine	26183.5	5871578.5	151349.5	383047.5	304796.0	350715.0	280255.0	624451.0	424322.5	262398.0	203472.5	507909.75	342204.0	359231.1666666667	275705.0	228490.33333333334	270543.0	596768.25	568860.3333333334	194261.16666666666	687670.25
p.Hydroxyphenylacetic.acid	6633.5	319238.5	8565.0	17798.5	13743.5	15299.0	14288.5	26352.0	19578.5	14451.75	11224.880952380952	24645.25	16129.5	16432.0	12945.0	10971.833333333334	12876.5	26410.0	26274.0	10658.833333333334	32847.75
Alpha.Pinene.oxide	1391.5	7213.0	2127.0	1994.0	3245.75	2747.0	3568.75	1983.0	3788.0	2048.0	2908.785714285714	4083.0	4301.5	3403.0	2391.5	2382.3333333333335	5506.0	3192.75	3732.1666666666665	3546.0	2716.5
X3.Hydroxyanthranilic.acid	5496.0	62043.5	6763.0	10158.0	8186.25	9003.333333333334	10252.25	13024.0	14107.5	9355.75	7773.333333333333	11771.25	11431.0	10751.833333333334	8351.0	7577.666666666667	11303.0	12926.0	12636.5	8207.0	13720.5
N.Acetylhistamine	1848.0	1378.0	1489.5	1275.5	1420.25	1579.3333333333333	1082.25	1019.5	1133.5	998.75	1091.7619047619048	915.0	1759.0	943.6666666666666	913.25	1304.5	1336.0	1307.25	1489.3333333333333	1462.0	1521.5
L.Canaline	2394.0	5345.5	6560.5	15798.5	4571.5	5864.0	10291.75	3750.5	4465.5	6105.5	8148.642857142857	4284.0	6970.0	5696.0	4455.0	7151.166666666667	6420.5	8953.0	4952.0	5359.833333333333	4218.75
L.Histidine	43750.5	599524.0	465233.0	318040.5	245035.25	393005.0	245006.25	270790.5	231080.5	274839.0	241099.14285714287	255975.25	322608.5	344907.8333333333	217763.75	303233.0	382342.0	336726.0	330708.5	299868.5	551444.5
Imidazolelactic.acid	1839.5	3473.5	6692.0	6211.5	6853.5	6429.5	5991.75	4099.0	4506.5	5447.0	9359.380952380952	5450.5	10402.0	4463.0	9694.0	7680.5	10966.0	7028.75	9871.166666666666	6049.666666666667	12505.25
X4.Hydroxynonenal	6210.0	3794.0	3723.0	3212.5	6389.75	3875.3333333333335	5623.75	3822.0	6972.0	3870.75	5325.071428571428	5274.0	6739.5	4828.0	4383.5	4087.6666666666665	8563.5	4412.0	5353.5	5727.333333333333	4900.5
X2.Aminomuconic.acid	1100.0	2424.5	2359.5	2349.5	2333.25	2237.5	2219.25	1915.5	3617.5	2136.75	1857.2857142857142	1701.5	5963.0	2397.0	1876.0	2137.0	5660.0	2241.0	2621.1666666666665	2558.8333333333335	2014.75
Tiglylglycine	1909.5	6837.5	5318.5	5368.0	4577.75	5020.166666666667	5440.25	4121.0	4701.0	3877.0	4702.238095238095	4228.5	7270.0	5139.333333333333	3854.25	4615.166666666667	5969.5	4665.25	4691.0	5321.0	6621.0
Allantoin	3801.5	28111.5	13372.5	12773.5	10695.0	19838.666666666668	13084.0	17064.0	22317.5	20024.25	18978.380952380954	13625.0	16686.5	18622.833333333332	17702.0	13420.833333333334	14817.5	13125.25	17254.333333333332	15874.0	61493.5
Isopropylmaleate	3236.5	4352.0	3072.0	3962.5	3803.5	3972.5	5520.25	5e3	6620.0	5090.25	3559.9285714285716	4963.0	6967.0	4244.5	5277.5	4131.0	4054.0	2777.75	5311.666666666667	4817.333333333333	7919.75
X3.Oxooctanoic.acid	21453.0	6542.0	6402.0	11130.0	7747.0	6706.666666666667	15986.0	7530.5	9125.5	8537.75	10278.261904761905	8083.75	9596.5	8986.333333333334	8986.5	7619.666666666667	11798.5	7207.5	10617.833333333334	9261.0	10695.75
Oenanthic.ether	75985.0	13347.5	20616.0	29199.5	22562.5	28499.166666666668	33272.5	23488.5	28251.5	22377.25	34841.333333333336	22226.75	31310.0	25112.5	34555.25	22743.666666666668	24627.0	24052.25	20213.833333333332	26285.5	20942.25
X2.Methylbutyrylglycine	4115.0	10704.5	4827.0	11075.0	7643.25	9476.666666666666	17660.75	8488.5	19603.5	13126.5	9840.095238095239	14110.0	92719.0	9632.5	7882.0	8283.166666666666	46724.5	8241.0	9362.5	15805.333333333334	16911.25
DL.2.Aminooctanoic.acid	1043.0	898.5	732.5	618.5	740.25	732.6666666666666	894.25	798.0	1187.5	977.0	737.452380952381	614.75	2434.5	812.6666666666666	1167.5	657.6666666666666	1690.5	641.0	868.3333333333334	705.5	1057.25
Oxoadipic.acid	6020.5	7425.5	7251.5	8359.0	8255.25	7390.333333333333	6302.25	5510.5	6361.5	5474.25	6041.333333333333	5925.5	6446.0	8363.166666666666	4780.5	6397.5	6669.5	5182.0	5622.5	5452.0	5458.0
Methylimidazoleacetic.acid	2373.5	2275.0	2675.0	2499.5	2607.0	2791.0	2602.5	2731.0	2827.0	1874.25	2285.404761904762	2524.75	3863.0	2234.5	2066.5	2573.8333333333335	2886.5	2287.75	2014.3333333333333	2277.6666666666665	2351.75
X3.Methyladipic.acid	7453.0	4615.0	5062.5	5572.5	3686.25	4095.6666666666665	10844.5	4752.0	6790.0	5097.25	5714.190476190476	5929.0	11067.5	5623.5	4995.25	4751.333333333333	7140.0	4173.25	6526.166666666667	4357.333333333333	7967.0
D.Alanyl.D.alanine	1870.0	13786.0	3356.0	2669.0	4933.0	2521.6666666666665	3238.5	2003.0	5511.0	2611.5	2518.595238095238	3429.25	6085.0	2851.3333333333335	3002.75	2921.8333333333335	4343.0	3725.0	2817.6666666666665	2441.1666666666665	3457.5
X7.Hydroxyoctanoic.acid	6224.0	4106.5	2668.5	4427.5	2767.0	2508.8333333333335	4876.75	3050.0	3693.0	3463.25	5515.071428571428	3333.0	3919.0	3686.6666666666665	3714.25	2734.5	3276.5	3291.0	4005.6666666666665	3798.6666666666665	4629.0
N.6..Methyllysine	1740.5	5803.5	6005.5	7352.5	4743.5	2484.6666666666665	3197.5	4764.5	4612.0	1459.5	2056.0476190476193	1279.5	1851.0	4397.666666666667	5246.0	1352.0	3019.0	2571.5	1839.1666666666667	3753.3333333333335	2920.5
X4.6.Dihydroxyquinoline	4716.5	8126.5	6218.0	6437.0	5991.75	6037.833333333333	6138.25	5021.5	5281.5	5152.75	5146.785714285715	4912.5	8128.5	10260.833333333334	4921.75	5409.166666666667	7376.5	5731.0	5694.0	4996.166666666667	7000.25
X2.Hydroxyadipic.acid	30832.0	485130.0	87634.0	105702.0	79283.0	84167.5	74346.25	50603.5	76269.5	91108.75	85475.85714285714	285374.25	77066.5	126501.33333333333	59372.5	84401.83333333333	78059.5	98228.25	81810.0	70806.5	70337.0
X4..3.Pyridyl..3.butenoic.acid	2344.5	6710.5	3484.5	3331.5	4192.5	3694.1666666666665	3114.0	2535.5	3939.0	2712.75	3086.2619047619046	4356.5	4078.0	5391.833333333333	3543.25	3047.1666666666665	3334.0	3038.25	3012.3333333333335	3285.3333333333335	3343.5
Phenylpyruvic.acid	20087.0	21256.5	5838.5	10741.5	7484.5	10368.5	12886.0	7373.5	10136.0	9542.75	11773.857142857143	10242.25	8503.0	9532.166666666666	9266.0	8555.166666666666	11026.5	8571.5	10648.833333333334	8664.833333333334	13967.5
L.Fucose	12213.0	16947.5	15915.0	16426.0	15486.0	17615.166666666668	16202.75	17420.5	19013.5	12670.0	17317.928571428572	11374.0	17717.5	13729.666666666666	16452.0	16588.333333333332	15437.5	18091.5	14326.833333333334	13309.333333333334	14556.5
Kynuramine	1325.0	1444.5	1081.5	1057.0	1117.25	1093.0	1216.5	1120.0	1429.5	958.0	1281.357142857143	1165.5	1964.0	906.3333333333334	1130.5	1098.0	1605.5	1222.0	1183.5	1007.0	1232.5
Methionine.sulfoxide	4110.0	15997.0	5281.0	4039.0	4634.0	4627.166666666667	23052.25	6011.5	8613.5	7060.5	5621.809523809524	6981.25	7129.0	17130.666666666668	7125.25	15311.5	8043.5	6023.75	15215.166666666666	6106.333333333333	14714.0
L.Phenylalanine	35042.5	1441551.0	122135.0	162234.0	130929.5	168116.0	136704.0	123987.0	127989.5	128320.5	132219.59523809524	139881.5	208043.0	124707.5	115686.0	137509.5	199620.5	147477.5	168811.83333333334	117629.66666666667	239653.25
Benzoquinoneacetic.acid	42793.0	48633.5	13374.0	26447.0	20112.25	17746.0	37360.5	15523.5	17466.0	25648.25	46194.880952380954	22666.75	18796.0	20515.833333333332	30361.5	77105.5	24233.0	15081.5	26670.0	40268.833333333336	24009.75
X3..3.Hydroxyphenyl.propanoic.acid	4756.5	29246.0	10046.0	7049.0	6858.5	9518.666666666666	6042.5	5511.0	7663.5	7986.5	7440.880952380952	7264.75	16578.0	6523.166666666667	5990.75	7364.0	15022.5	6026.0	6739.333333333333	9178.666666666666	9264.25
Homocysteinesulfinic.acid	51919.0	237873.0	1282529.5	461513.0	1034326.0	1478412.6666666667	155648.5	1178490.5	1104423.0	1154925.75	493635.3333333333	162138.0	231409.0	541637.5	537754.75	1330531.6666666667	237462.5	526175.0	171483.5	1347123.3333333333	156422.25
Taurocyamine	6263.0	57582.0	81573.5	64553.0	71198.25	100123.0	25510.25	120068.5	103220.5	96653.0	42967.40476190476	38712.0	35932.0	47243.833333333336	58075.5	92918.83333333333	25796.0	53386.5	46937.0	110526.33333333333	53294.75
Pyridoxal	2835.5	13865.5	8550.0	4589.5	5919.25	8149.0	6738.0	6697.5	15291.0	8568.75	5836.809523809524	8059.5	9547.5	6339.5	9615.5	7598.833333333333	11813.0	6496.25	8084.5	8490.166666666666	12926.25
Phosphoenolpyruvic.acid	1350.0	6098.5	2752.0	1785.0	1893.75	2961.3333333333335	1590.75	1340.5	3746.5	2123.25	2350.3571428571427	2317.0	1603.5	2720.6666666666665	1941.5	1744.0	1341.5	2001.0	2830.0	1728.5	2176.0
Uric.acid	14094.5	513871.5	215876.0	200415.0	246750.5	340940.3333333333	74239.0	267402.0	244870.5	63399.75	115157.33333333333	177143.5	228180.0	181362.33333333334	270773.25	223090.33333333334	39445.5	101631.0	246181.66666666666	211538.5	100412.0
X1.Methylhistidine	4514.0	10741.0	4558.0	4512.0	6777.25	7108.0	5314.75	6780.5	6999.5	4978.0	6018.190476190476	5045.25	6255.0	5973.0	8218.75	4268.0	5112.0	5548.75	7526.5	5074.166666666667	12064.0
cis.4.Decenoic.acid	3976.0	5337.5	3056.5	3487.5	3475.0	3079.3333333333335	5250.25	3026.0	4763.0	3540.75	3490.6666666666665	5478.25	4728.0	4442.166666666667	4153.25	3772.6666666666665	6266.5	5145.5	5367.166666666667	4524.333333333333	4452.0
X2.Octenedioic.acid	5560.0	3847.5	6783.5	8548.0	5917.25	8249.0	8318.0	3794.5	6065.0	7115.0	5353.976190476191	5667.75	6907.0	5650.333333333333	6002.0	5842.333333333333	4690.0	6005.25	8834.333333333334	5775.166666666667	8256.0
Glycylproline	2704.5	19008.0	9728.0	17652.0	9634.25	8265.5	10559.5	6782.0	7876.0	7314.25	8534.0	5871.0	6355.0	6944.833333333333	6505.75	9665.166666666666	5864.0	12333.75	7103.166666666667	8188.333333333333	5151.25
Capric.acid	39730.5	21122.5	11354.5	20299.0	14210.0	14860.666666666666	30803.75	15002.0	16283.0	16183.5	37134.47619047619	13607.0	14757.5	18647.0	19132.25	14216.333333333334	14537.0	18800.5	21527.666666666668	14559.5	17316.75
X0.1	1340.0	3879.0	2590.0	2097.0	2431.5	2594.1666666666665	1750.25	1956.5	2705.5	1748.0	1628.1666666666667	2280.5	3028.0	1873.5	1989.25	2130.0	2781.5	1874.5	1992.1666666666667	2173.5	1811.5
Hexanoylglycine	4286.0	9211.0	8240.0	8940.0	7916.5	10168.5	10416.0	5610.0	29057.0	5922.25	9024.547619047618	4740.5	178884.0	6629.0	5269.5	8970.666666666666	111532.0	8027.25	9690.333333333334	13579.5	9599.25
Dehydroascorbic.acid	5160.0	29425.0	13329.0	12428.0	12270.5	12895.666666666666	11728.75	15191.0	48261.0	12969.5	13996.952380952382	71648.75	12883.5	28107.166666666668	16251.5	13868.666666666666	45691.5	14926.0	23317.833333333332	13517.666666666666	12705.0
X2.Isopropyl.3.oxosuccinate	2874.0	2639.0	2667.5	2744.0	2691.0	2324.6666666666665	5999.0	2146.5	2578.5	2962.5	6435.523809523809	2641.75	3728.0	4695.333333333333	2902.5	3084.8333333333335	3048.5	2366.75	5986.0	2992.6666666666665	4006.25
N.Acetylasparagine	1891.5	6701.0	6374.0	4098.5	4929.75	6469.833333333333	4977.5	4232.5	7539.0	3396.75	3865.309523809524	3066.25	13553.5	4601.0	4120.0	5991.5	20165.5	7456.5	6081.166666666667	7243.0	9213.0
Suberic.acid	21684.5	12406.5	10158.5	13444.5	7801.75	8566.666666666666	26492.25	9831.5	12702.5	12222.5	17713.64285714286	12577.75	13957.0	14497.5	13904.0	10385.5	16640.0	9207.5	17985.0	11583.166666666666	17504.75
N.Acetylornithine	3575.0	29399.5	6297.5	5199.5	6523.0	6819.5	6284.5	5152.5	6049.5	4500.0	4790.309523809524	5309.0	10968.5	5388.333333333333	5707.0	5709.0	7204.0	6173.5	6359.666666666667	5572.0	8645.5
N.Acetyl.L.aspartic.acid	1161.5	8640.0	15566.0	7898.5	13707.5	13511.0	8123.25	30790.5	89754.0	10652.75	8182.9047619047615	35554.5	23676.0	13764.666666666666	19475.75	14568.5	16819.0	8935.25	11622.166666666666	16714.5	6434.25
N.Carboxyethyl.g.aminobutyric.acid	930.5	3400.0	1459.5	1284.0	1379.5	1732.1666666666667	1562.0	1542.0	1984.0	1466.0	1426.2142857142858	1408.75	3022.0	1516.8333333333333	1390.0	1406.0	2905.5	1229.25	1783.1666666666667	1643.5	2491.75
Citrulline	4629.5	4446.0	8296.5	7830.5	3851.5	5829.0	7259.25	7052.5	5976.5	6083.5	5672.285714285715	8864.0	7064.0	7079.166666666667	5653.0	5802.333333333333	5758.0	5794.0	10037.666666666666	5065.333333333333	15763.75
D.Glucurono.6.3.lactone	123691.0	293736.5	1822623.5	3001485.0	593577.75	309899.1666666667	2128735.0	1719747.0	92657.5	5161205.75	1537818.2142857143	4129585.25	2992101.0	990090.3333333334	2817651.0	2007864.6666666667	510892.0	2678707.75	3600931.0	1574239.1666666667	2926801.25
Serotonin	2061.5	2740.5	4318.5	6036.0	8367.75	2634.5	5242.0	4214.0	3459.0	9290.0	3578.0476190476193	8152.0	6277.0	3610.1666666666665	8282.75	4776.333333333333	2779.5	6340.75	7398.333333333333	3374.5	12427.0
X5.Phenylvaleric.acid	5615.0	3769.5	2520.5	3294.5	3880.25	3176.6666666666665	5415.25	3391.5	3933.0	3170.5	4128.9047619047615	3587.5	3931.0	3562.3333333333335	3311.0	3258.1666666666665	4994.0	3522.75	3866.0	4257.5	4471.0
Pseudooxynicotine	2094.5	2237.0	1096.0	1336.5	1220.25	1215.0	1671.75	1341.5	1511.0	1392.0	1634.0714285714287	1695.5	1756.0	1279.3333333333333	1508.75	1327.1666666666667	1973.5	1578.5	1476.1666666666667	1267.1666666666667	1607.5
D.Glucose	65523.5	586420.5	429756.5	394301.5	306729.5	360975.1666666667	244349.0	187220.5	243244.0	362343.25	251386.59523809524	202171.0	343184.5	369867.5	224110.0	318195.3333333333	234157.5	309703.0	350560.8333333333	299623.3333333333	274754.0
L.Tyrosine	31844.5	781358.0	93192.0	103791.5	83168.0	141183.66666666666	85479.5	67218.0	66298.5	82924.0	77762.09523809524	84649.75	65378.5	81758.5	65650.0	81833.33333333333	127615.5	97738.5	107620.16666666667	75835.5	191539.25
Sorbitol	54990.5	153741.5	25550.5	51921.5	27033.0	35780.166666666664	129241.5	28444.0	30381.5	39154.25	38030.357142857145	29771.25	27495.0	29915.5	33157.0	41131.666666666664	59340.0	37886.25	35684.5	29868.833333333332	40263.25
Phosphorylcholine	2823.5	2027.0	2430.0	2237.0	2387.25	2165.8333333333335	3151.5	2068.5	2531.0	2214.25	2417.8571428571427	2304.0	2881.5	2223.6666666666665	2382.5	2149.0	4298.0	2075.25	3289.5	2672.6666666666665	2619.0
Phosphoserine	4378.0	115309.5	140744.5	88917.0	125114.0	125745.33333333333	63196.75	84010.0	170931.0	54187.0	68938.59523809524	50995.25	79531.5	64266.166666666664	96251.0	80598.16666666667	58661.0	55329.5	79651.0	70312.16666666667	121777.5
Pseudoecgonine	1390.0	1919.5	1168.0	1194.5	1130.5	1288.6666666666667	1649.0	1373.5	1738.0	1572.25	1444.2380952380952	1925.25	2508.0	1681.8333333333333	1452.0	1294.8333333333333	1963.0	1350.25	1591.3333333333333	1691.1666666666667	1745.5
X3.Oxodecanoic.acid	9496.0	3594.5	4062.0	5627.0	3610.75	3493.3333333333335	8576.75	3918.0	5262.5	4460.0	4950.4047619047615	4641.25	5578.0	4739.5	4733.5	3981.8333333333335	6067.5	5072.5	5763.333333333333	4890.833333333333	7024.0
X4.6.Dimethylnonanoic.acid	10347.0	3744.5	3094.5	6978.5	2965.75	3709.6666666666665	7859.0	4471.0	4600.5	5058.25	5753.928571428572	4029.0	4238.0	5416.833333333333	4803.75	4193.833333333333	4664.5	5070.0	7363.333333333333	3952.3333333333335	5984.25
X2.Keto.6.acetamidocaproate	1074.5	2917.0	2053.5	1456.0	1842.75	1861.0	1934.5	1542.0	2018.0	1363.0	1483.357142857143	1896.25	2458.5	1626.6666666666667	1893.75	1646.5	2147.0	1441.25	1595.0	1741.5	1554.5
X0.2	1319.0	2483.0	2222.0	2306.0	4026.25	2220.6666666666665	1660.25	2363.5	1579.5	1661.75	1869.8809523809523	1809.0	2573.5	1209.1666666666667	3192.5	1795.1666666666667	1587.5	2051.75	2925.5	1440.3333333333333	16878.5
p.Cresol.sulfate	6481.5	6514.5	36774.0	3242.5	11454.25	10828.833333333334	17466.25	17933.5	19152.0	23858.75	12647.833333333334	5846.75	3752.0	10621.666666666666	5001.75	9727.333333333334	17294.0	20893.25	10480.666666666666	16282.5	35907.75
N.Acetylglutamine	6442.5	29095.0	50530.0	30174.0	45247.25	36153.166666666664	26157.0	20351.5	23459.0	17199.5	32452.428571428572	13990.75	21840.5	19056.166666666668	15870.75	50102.333333333336	26938.0	37493.5	43743.333333333336	51451.5	40799.5
Nonate	54039.5	24897.5	20258.0	30422.0	17251.5	16681.666666666668	55106.0	24992.5	26946.5	31221.25	57126.04761904762	24976.5	28806.5	33586.5	28781.75	21864.833333333332	28806.0	21124.25	40678.5	27899.666666666668	33698.75
X0.3	5408.5	90661.5	23869.5	12427.5	17288.75	17919.5	13556.0	11368.0	10666.0	11458.5	12172.5	12537.75	15514.0	12112.166666666666	12474.75	14268.666666666666	15493.5	15509.5	16437.166666666668	12089.833333333334	20166.5
Lanthionine.ketimine	5627.5	6181.0	41964.5	22975.5	43906.0	45154.5	8569.25	41326.5	41148.0	51692.0	21643.619047619046	8288.75	8616.5	20194.333333333332	22650.5	43370.833333333336	8472.5	22407.75	8602.5	49058.5	4905.75
Glutarylglycine	4454.0	18238.0	87281.5	11985.0	56198.75	70716.0	35449.0	26624.0	21254.5	14772.75	41316.119047619046	12745.0	66760.5	26949.5	19806.25	39295.666666666664	62634.0	79068.25	21362.666666666668	46784.666666666664	258916.75
X3.Dehydroquinate	2865.5	19155.5	22799.5	18535.0	17711.0	15755.666666666666	15729.0	15977.0	19851.0	16587.25	18613.880952380954	23347.5	20354.5	14523.666666666666	36254.75	18859.833333333332	9606.5	18107.25	23823.5	16438.5	21861.0
L.beta.aspartyl.L.glycine	1069.0	8023.5	5129.0	3986.5	3376.5	4401.5	3394.25	3663.0	4451.5	3117.0	3460.8809523809523	4226.75	4035.5	3786.1666666666665	5581.75	4006.0	3857.0	3987.75	4680.166666666667	4130.333333333333	5890.75
N.Acetyl.L.methionine	958.5	10785.0	5268.0	4077.0	3736.25	4149.166666666667	2992.0	3696.0	9887.0	3176.0	3243.095238095238	3231.25	36326.0	3246.1666666666665	3285.75	3922.5	32548.0	3989.25	3851.8333333333335	5172.333333333333	3965.25
X5.Methoxytryptophol	622.0	4978.0	996.0	1001.0	1193.75	1303.1666666666667	1006.5	817.0	1630.5	708.25	853.2619047619048	941.75	1662.5	871.5	917.75	977.5	1504.0	777.25	891.5	960.3333333333334	1041.0
Citric.acid	33460.0	54324.5	102141.5	63379.0	89355.25	71586.0	65703.5	84074.0	131943.5	85154.75	80922.90476190476	83908.75	78781.0	85828.83333333333	109372.5	74429.33333333333	61408.5	58479.25	123657.33333333333	82022.83333333333	79154.75
D.Glucuronic.acid	1939.5	11590.0	16775.0	5472.5	8521.25	9532.0	5105.75	7374.0	11492.5	11212.25	6077.166666666667	7890.75	8160.5	9058.333333333334	9639.0	13790.333333333334	6673.0	10828.75	8710.833333333334	7512.666666666667	7973.75
trans.Ferulic.acid	2079.5	1697.5	1837.0	1836.0	1784.0	1673.1666666666667	2373.25	1601.0	2637.5	2215.25	3333.285714285714	2152.5	2354.5	1837.3333333333333	1983.5	1780.6666666666667	2218.0	2016.0	2275.5	2365.8333333333335	2453.25
Galactonic.acid	37310.0	467981.5	431742.5	545720.0	364673.0	375767.6666666667	247220.5	534433.0	708994.0	1055367.75	367455.40476190473	613653.5	472319.0	449019.1666666667	496336.0	445819.0	306551.0	636203.5	538191.6666666666	385323.0	425657.75
Selenomethionine	3033.0	6037.5	5437.0	3335.5	4472.0	3474.5	3871.5	4212.0	7702.0	3260.75	3509.5714285714284	3577.0	4662.0	3304.0	4285.25	3045.1666666666665	3522.0	3572.25	4194.0	5113.666666666667	3275.5
Guaifenesin	2937.0	2050.0	1967.5	2748.5	2376.0	2402.0	4641.25	2947.5	4121.0	3238.5	2483.214285714286	4282.0	3172.0	2958.0	3224.0	2503.0	2978.5	2930.0	4552.5	3407.0	5473.75
trans.Dodec.2.enoic.acid	4259.5	20920.5	6943.5	6946.5	5346.0	4444.166666666667	7469.5	6701.5	5576.0	5455.75	5735.761904761905	7399.25	6017.0	6655.333333333333	8336.0	5171.666666666667	8251.5	7205.25	11195.166666666666	5252.0	11537.75
Isoxanthopterin	1198.0	3078.0	1752.5	1669.0	1397.5	1888.0	1386.0	1402.5	2422.0	1574.5	1694.1190476190477	1482.0	1860.5	1540.1666666666667	1882.0	2899.0	1545.0	1429.5	1796.8333333333333	1989.8333333333333	1578.25
Ecgonine.methyl.ester	1000.5	1802.0	2014.5	1917.0	1027.75	1318.5	1818.25	1068.5	1325.5	1216.25	1251.3095238095239	1414.0	1886.5	1374.0	1167.25	1255.5	1491.0	1635.75	1603.8333333333333	1257.0	1706.5
cis.4.Decenedioic.acid	6806.5	5448.0	3512.5	4247.5	4608.25	3653.3333333333335	12081.25	4494.0	6952.5	5424.75	5164.357142857143	7237.25	7371.5	5798.5	5957.75	3939.3333333333335	8390.0	6416.75	8762.833333333334	7219.333333333333	9067.5
Dodecanoic.acid	190080.0	171919.5	71440.0	247879.5	92990.0	115194.0	178797.75	120285.0	130501.0	119507.0	1100709.5	90715.5	106981.5	137023.0	177973.25	104269.16666666667	123580.5	126162.5	162821.16666666666	96940.66666666667	136709.5
Cysteine.S.sulfate	561.0	1207.0	787.5	841.0	913.25	1314.0	892.25	902.0	1140.0	874.25	833.0952380952381	911.0	1121.5	776.6666666666666	1532.0	663.5	793.0	958.75	1451.8333333333333	861.6666666666666	1475.0
Capryloylglycine	1910.0	1166.0	1250.0	1344.0	1415.75	1111.6666666666667	2423.0	1397.5	1614.0	1152.0	1968.4285714285713	1848.5	3578.0	1311.6666666666667	1746.75	1163.3333333333333	1987.0	1521.5	1501.3333333333333	1436.1666666666667	2486.0
Galactitol	4634.0	2511.5	2292.0	2889.5	2383.25	2233.6666666666665	7138.0	2173.0	2772.0	2818.75	3453.904761904762	2982.25	3179.0	3115.5	3326.5	2325.6666666666665	2764.5	2375.75	4368.666666666667	3280.8333333333335	4685.75
Sebacic.acid	23195.0	9274.0	9148.5	10011.0	7783.0	9402.833333333334	42352.5	15951.5	19264.0	12896.75	15901.904761904761	16528.0	13963.0	16822.666666666668	16115.25	8881.0	20786.0	13756.0	14533.5	12888.333333333334	39563.25
L.Acetylcarnitine	3671.0	32117.0	5081.5	5863.0	4476.5	8564.5	7109.75	8084.5	10835.5	6221.25	6239.071428571428	6211.5	24129.5	8469.0	4897.75	5931.333333333333	29974.0	6278.5	6318.833333333333	8042.0	7802.75
X5.L.Glutamylglycine	18670.0	31319.0	5662.5	8610.0	6523.5	8166.333333333333	10453.5	8020.5	8212.5	9202.75	7730.238095238095	7733.5	6828.5	8015.833333333333	8195.0	8763.5	7875.5	9022.0	10948.833333333334	7818.0	9914.5
Pantothenol	3942.0	1236.0	1214.0	1944.0	3445.0	1332.6666666666667	4775.0	2627.5	1315.5	2563.0	3444.1666666666665	1491.0	1715.0	2156.5	2036.0	1962.5	1746.0	1566.0	2614.8333333333335	1397.6666666666667	2769.0
X.R..lipoic.acid	1875.5	15780.5	4031.0	3388.0	4221.75	3238.8333333333335	4320.5	7937.5	11198.5	7509.5	3627.9523809523807	9557.25	29843.5	4564.666666666667	8475.75	4641.5	4150.5	3532.5	8162.666666666667	4873.166666666667	5639.25
Ibuprofen	3118.5	3038.0	4083.0	2947.5	6565.25	4141.666666666667	4250.75	3571.5	6973.0	3367.0	5687.0	3981.75	6462.5	4574.166666666667	3946.75	4051.6666666666665	8260.0	3674.75	4099.333333333333	5458.5	3414.5
Phenylpropionylglycine	2509.0	9316.5	4601.0	6598.0	6142.25	9379.833333333334	4800.5	4647.5	9665.5	6364.5	74890.23809523809	2885.25	26564.5	7340.833333333333	5602.0	11142.333333333334	26389.0	5781.0	16093.166666666666	7898.166666666667	8967.5
X3.Hydroxycapric.acid	3877.0	4275.0	4458.0	4093.5	5540.25	4756.833333333333	6167.5	5147.5	5722.0	5693.5	5651.238095238095	5577.25	7610.5	5292.0	5991.5	4848.333333333333	7544.5	5280.0	5962.833333333333	6716.666666666667	7490.75
Vanilpyruvic.acid	3505.0	3366.0	2366.0	22044.5	6048.25	11151.833333333334	14453.75	4104.0	4786.0	3090.0	4034.0	13473.25	21852.0	11057.0	11624.0	2499.0	28549.0	17131.5	22609.5	5815.333333333333	6383.75
Indoxyl.sulfate	3763.5	8410.5	28066.0	12354.5	8390.5	12907.166666666666	9726.25	16196.0	27642.5	10682.25	10858.42857142857	9233.0	10018.0	13719.5	8788.25	16479.5	12217.5	16575.75	19857.666666666668	10297.0	214661.75
Dethiobiotin	1958.0	18563.0	3411.5	3213.0	4054.0	3010.1666666666665	2941.25	2666.0	3406.5	1936.5	2545.5238095238096	3421.25	4066.0	3493.3333333333335	2734.75	2762.8333333333335	4798.5	4426.5	3714.5	3860.3333333333335	3868.75
X3.Oxododecanoic.acid	7260.0	4014.0	3303.0	5973.5	3183.25	3542.3333333333335	9752.25	4e3	4673.5	4213.75	6961.9047619047615	4475.25	4027.0	4880.5	5520.5	3817.6666666666665	5400.0	4799.5	6292.666666666667	3995.0	7837.0
Tridecanoic.acid	30097.5	11409.0	10685.0	50791.0	8168.5	9220.666666666666	43451.5	17670.5	14817.0	17186.25	18126.54761904762	12092.0	8838.5	23013.0	11651.5	17160.0	18025.5	19738.25	53540.0	13914.166666666666	34795.25
O.Phospho.4.hydroxy.L.threonine	1489.5	2447.5	2179.0	2774.5	1982.5	2348.8333333333335	1981.25	2594.0	2552.0	2091.0	1708.8095238095239	1657.0	2017.5	2231.6666666666665	1890.0	2120.0	1895.0	2168.75	2131.8333333333335	2385.1666666666665	3021.0
Glycerylphosphorylethanolamine	23968.5	145937.5	366258.5	342008.0	393515.5	299554.3333333333	169641.5	1066756.0	225714.0	249171.0	147555.7857142857	191479.25	203161.5	301401.1666666667	201091.0	394809.8333333333	157655.5	187655.0	372059.6666666667	284580.8333333333	467235.75
N.Nonanoylglycine	3153.5	1137.0	1205.5	1411.5	893.25	1067.3333333333333	2597.0	1074.5	1273.0	1635.0	1984.8095238095239	1981.5	2713.5	1236.0	1441.75	969.3333333333334	1845.0	1214.5	1314.1666666666667	1707.5	2192.25
Undecanedioic.acid	8989.5	4522.0	4236.5	5519.0	3645.0	3511.5	14422.25	5329.5	4873.0	6069.75	8505.97619047619	5492.5	5905.0	6492.666666666667	6134.0	4225.166666666667	5804.5	4835.75	7621.0	6764.166666666667	9424.75
X3.Hydroxydodecanoic.acid	5607.5	3753.5	3402.0	5216.0	2936.25	3589.5	4835.25	3110.5	3700.0	3556.75	6697.214285714285	3200.0	3105.0	4280.333333333333	4433.75	3131.3333333333335	3639.5	3352.5	4741.833333333333	3106.3333333333335	4756.0
N.a.Acetylcitrulline	1381.5	10487.5	4173.5	3511.5	4381.25	4396.5	6498.0	2160.0	3810.5	2695.5	3016.8809523809523	6443.0	2772.5	3292.8333333333335	2573.5	4591.666666666667	3193.0	6908.5	3492.1666666666665	2372.0	6451.5
Propionylcarnitine	1016.5	2641.0	841.0	1145.5	1077.5	964.3333333333334	2395.0	1042.5	1720.0	1209.75	1165.547619047619	1415.75	2932.5	1650.1666666666667	1103.25	1236.5	4307.0	1167.25	3345.6666666666665	1054.3333333333333	2463.25
Deoxyhypusine	1007.5	706.5	729.0	890.0	590.75	905.1666666666666	972.75	960.0	801.5	739.75	1129.1190476190477	717.25	596.0	815.0	764.75	745.1666666666666	638.5	675.25	918.8333333333334	723.5	885.75
X0.4	64727.0	362604.0	135087.0	172577.0	173092.75	146192.33333333334	114927.25	237593.0	134960.0	106048.75	137247.69047619047	68970.75	184175.0	219424.83333333334	141352.75	136547.0	255742.0	128410.25	126378.0	138227.83333333334	287998.25
Glutamylalanine	4421.0	44682.5	9882.5	12542.5	12340.5	15028.5	13633.75	15206.5	14217.0	15734.0	11257.952380952382	13010.25	13721.0	13822.166666666666	9086.75	13035.333333333334	16566.0	14827.0	10962.333333333334	13814.666666666666	9838.5
X3.Hydroxysebacic.acid	4989.5	4753.0	3483.5	4757.0	3765.5	3279.1666666666665	8817.75	3352.0	5529.5	4935.75	5707.523809523809	5507.0	5676.5	5610.333333333333	5336.75	3725.3333333333335	5781.0	4752.5	8051.833333333333	5444.0	7763.0
N.Acetylgalactosamine	1861.0	13220.0	35227.0	11576.0	11350.0	11045.666666666666	16617.0	7038.0	13988.5	28164.5	6450.428571428572	52485.25	7536.5	12181.833333333334	14279.5	16723.833333333332	10726.0	13297.25	21859.0	13260.0	17082.75
L.Cystathionine	6023.5	53717.5	10912.0	7427.0	7139.5	10915.5	10028.0	6622.0	6715.5	9413.25	9915.952380952382	18104.25	7891.5	11981.333333333334	7449.25	8658.666666666666	22985.0	15086.25	7617.166666666667	8371.0	17770.5
Ethyl.glucuronide	9559.0	412379.0	15804.5	23049.0	13380.0	12109.333333333334	21525.0	6959.0	13711.0	26295.0	35670.47619047619	120003.25	10955.0	46848.0	10793.5	20450.833333333332	29373.0	42844.5	14952.166666666666	18062.166666666668	22990.5
X5.8.Tetradecadienoic.acid	2125.0	51064.5	5226.5	4221.0	8816.0	6837.833333333333	5361.5	8260.5	7910.5	3851.5	6024.5952380952385	12301.25	4073.0	7191.166666666667	8637.0	6768.666666666667	4782.5	8870.0	11169.5	6307.5	13649.25
Carnosine	1509.5	11303.0	3167.0	4726.0	2753.5	2899.8333333333335	3605.25	2240.5	2236.5	3697.25	2932.5714285714284	3128.5	3122.5	4005.6666666666665	1812.25	2547.6666666666665	3018.0	3441.25	4140.666666666667	2780.8333333333335	3922.5
X5.Tetradecenoic.acid	26780.0	201814.0	18826.0	87670.0	30959.25	22572.666666666668	66348.0	42287.0	32670.0	29025.5	41027.54761904762	42526.0	13774.0	49189.5	28475.0	31799.333333333332	24981.0	45951.5	115510.83333333333	29660.333333333332	84141.25
L.Glutamic.acid.5.phosphate	3619.0	12269.0	10487.0	6699.5	7037.25	8258.666666666666	4601.25	4078.5	5113.5	3197.5	5229.571428571428	2797.0	8088.0	4345.833333333333	3576.0	5446.5	6702.5	6725.75	6662.166666666667	5899.5	21222.75
Traumatic.acid	5963.0	7126.5	3424.5	3311.5	4776.75	3070.6666666666665	8873.75	4513.0	6249.0	4851.0	5406.071428571428	5508.75	6673.5	5244.0	5236.5	3688.1666666666665	7201.5	4927.25	7552.666666666667	5743.166666666667	6768.0
L.leucyl.L.proline	1872.5	40382.0	6975.5	5640.5	14199.25	5050.333333333333	4781.0	4895.0	3794.5	3044.5	3588.714285714286	5786.5	6160.0	4598.333333333333	3248.5	6721.0	5487.5	7114.0	5665.0	5435.166666666667	5811.5
N.Decanoylglycine	2684.5	1397.0	1555.0	1767.5	1057.0	1311.1666666666667	3218.0	1088.5	1566.0	2353.75	2901.2619047619046	2040.0	2065.5	1388.5	2244.5	1216.1666666666667	1749.0	1579.0	1542.1666666666667	1927.5	3126.25
D.Ribulose.5.phosphate	7888.5	15512.5	26864.5	61358.5	31572.75	35340.333333333336	49293.25	42371.5	19916.5	47166.25	31190.071428571428	38782.5	36471.0	62941.166666666664	35056.25	39120.5	29562.0	65165.0	53238.166666666664	37226.166666666664	45112.0
Sedoheptulose	2152.5	4634.5	2386.0	2486.0	2266.0	2708.1666666666665	3828.25	2221.5	3105.5	2534.5	2948.6190476190477	2741.0	3872.0	2855.5	2990.25	2156.3333333333335	3551.0	3175.0	4509.166666666667	2938.6666666666665	5256.0
Aspartyl.L.proline	1963.0	10648.0	5820.5	6134.5	5007.25	6215.5	5573.75	5427.5	5172.5	5452.75	4029.8809523809523	5470.0	5387.5	5663.833333333333	4796.5	5357.5	6417.0	6224.25	7038.833333333333	6994.166666666667	5898.5
X3.Methoxytyrosine	1098.0	3386.0	1383.0	1763.5	1493.25	1787.5	3856.5	1701.0	1705.0	1807.0	1453.9285714285713	1444.25	2206.0	3001.0	1680.25	2896.0	1973.5	4782.5	3717.0	1800.6666666666667	2019.5
X4..Glutamylamino..butanoate	1336.5	16658.0	4899.5	5114.5	7882.0	4941.333333333333	5200.75	5122.0	8015.0	5379.0	3913.6190476190477	6334.25	5158.0	5637.166666666667	6490.5	4991.0	5049.5	5215.75	8928.5	5827.666666666667	8689.0
Dihydroxycoprostanoic.acid	782.5	5110.5	2082.0	1578.0	3168.0	2371.8333333333335	1994.0	1997.0	2781.0	1902.0	1512.904761904762	2656.75	2489.0	2176.1666666666665	3111.5	2072.6666666666665	3128.0	1805.25	3004.3333333333335	2449.0	3040.5
Hydroxypropionylcarnitine	634.5	2548.0	1330.5	1136.5	1506.0	1453.8333333333333	1420.25	1095.0	1482.0	1215.0	1051.2142857142858	2044.25	1261.0	1536.0	2250.75	1548.3333333333333	1664.5	1485.5	1857.0	1810.0	1602.0
X5.Sulfosalicylic.acid	28923.0	16132.5	19165.5	25744.5	19432.25	19532.166666666668	26054.0	19787.0	18282.5	28734.5	22965.761904761905	22578.0	21484.5	19270.333333333332	23463.5	23281.0	19983.0	22602.0	26126.5	21566.833333333332	22479.75
Dihydrobiopterin	7068.0	12399.5	9767.0	6549.0	5613.5	4465.333333333333	7521.75	4760.5	4582.5	5287.5	6463.952380952381	5885.25	6455.5	5010.333333333333	7907.75	4171.333333333333	4196.5	5026.75	6067.333333333333	6061.666666666667	5725.5
Anserine	1516.0	6682.0	2453.0	3160.0	2710.5	3405.1666666666665	3448.0	2239.5	1840.5	4885.0	2714.5	3040.5	2438.5	4670.0	3021.25	2388.8333333333335	1832.5	2459.0	4688.833333333333	4738.0	4159.75
X3.Oxotetradecanoic.acid	6283.5	7445.0	4428.0	5213.5	4167.5	5149.833333333333	9388.5	5385.0	6875.5	4407.0	6926.666666666667	5318.5	4343.0	5555.166666666667	8582.25	4404.5	4538.0	5935.0	8220.666666666666	4315.0	10321.25
Pentadecanoic.acid	209186.0	97944.0	78593.0	189980.5	79673.75	85956.83333333333	271865.25	131775.5	99306.0	116304.5	148106.5	90180.5	90638.5	126782.66666666667	93739.25	144213.16666666666	154243.5	140993.25	226874.16666666666	119246.0	211605.0
Tiglylcarnitine	1127.0	1217.5	1497.5	1769.5	1130.0	883.3333333333334	2382.75	1432.0	1492.0	1397.5	1365.0238095238096	1312.25	1359.0	1571.8333333333333	1535.75	1438.8333333333333	1961.0	1219.5	2980.6666666666665	1370.6666666666667	2150.75
N.Undecanoylglycine	28244.5	5969.0	8430.0	12851.5	5230.75	14154.666666666666	22296.0	9528.5	9674.0	15493.75	30062.619047619046	9328.75	31301.5	8874.833333333334	21813.75	8289.166666666666	9989.0	18967.75	8043.666666666667	21636.333333333332	23396.25
Uridine	22462.0	298733.0	113335.0	173712.0	136619.75	142492.66666666666	181047.5	241454.0	283714.0	224839.25	113225.16666666667	228273.25	206057.5	204103.5	142104.0	121060.66666666667	239543.5	274943.0	248489.83333333334	164854.83333333334	277547.5
X1.11.Undecanedicarboxylic.acid	6881.5	4333.5	3678.0	5687.5	3128.5	3953.0	21700.0	4444.0	4450.0	5825.0	7049.476190476191	5038.25	5660.0	5532.833333333333	5479.0	3965.5	5268.5	5347.25	6799.666666666667	5254.166666666667	16338.5
Gamma.CEHC	1914.5	20984.5	2095.5	1850.5	4183.75	2224.8333333333335	3227.25	2486.5	11362.5	2946.0	2970.8809523809523	3257.0	3929.5	3049.8333333333335	3915.25	2331.0	5048.0	4102.0	3443.6666666666665	4085.3333333333335	2897.5
S.Acetyldihydrolipoamide	3961.0	10995.5	7098.5	22273.0	4936.25	5987.833333333333	9014.75	7156.5	6883.5	6460.5	8852.0	5483.5	7472.5	7739.166666666667	9454.75	8062.166666666667	4609.0	7646.75	8030.0	7846.166666666667	6954.25
Ubiquinone.Q1	1511.5	2348.0	1169.5	1663.0	2146.25	1391.8333333333333	2223.25	1759.0	2824.0	1964.5	1861.2142857142858	2191.5	2548.5	1853.5	1814.5	1555.3333333333333	2674.0	2064.0	2352.8333333333335	2384.0	2352.25
Isobutyryl.L.carnitine	3980.5	2777.5	3040.5	4189.5	3345.75	4662.833333333333	4543.25	4675.5	3772.5	3881.0	4256.476190476191	2951.25	3946.5	4463.5	3782.25	3680.3333333333335	5565.0	4902.5	3409.5	3886.1666666666665	5364.0
X5.Hydroxy.N.formylkynurenine	1988.5	24156.0	5843.5	6756.5	2895.0	5037.5	5531.75	2932.0	6219.0	6428.5	3322.404761904762	6670.0	2388.0	5780.166666666667	6245.25	3477.6666666666665	2048.5	5631.0	7025.166666666667	4472.5	3610.0
X5.L.Glutamyl.taurine	3923.0	43531.0	7517.0	8687.0	7236.25	7914.5	10509.25	9521.0	25677.5	6832.5	6424.333333333333	7195.5	60584.0	6830.0	11163.5	7752.5	10611.5	9375.75	7630.5	8101.0	9403.75
Palmitic.amide	3670.0	5413.5	4606.0	4018.5	5120.25	5636.166666666667	3459.0	5172.5	5497.5	2815.75	5367.785714285715	4401.0	5860.5	4347.5	3330.5	4284.666666666667	7863.5	5381.75	3552.3333333333335	4581.0	4111.25
Palmitic.acid	2371728.0	3281576.5	1806730.0	2335615.0	3764634.75	3080290.6666666665	3694435.5	4961262.5	3101008.0	3125807.25	8881208.61904762	3496773.25	3715642.0	3937878.6666666665	3398039.25	3417103.6666666665	7678415.5	5803211.75	3748335.3333333335	4062999.6666666665	4312410.5
Glycerophosphocholine	3083.5	16325.0	24636.0	26281.0	21158.25	19974.333333333332	16937.75	23688.0	12275.0	18106.0	13040.785714285714	12324.75	13603.5	13939.833333333334	11984.5	30758.5	14006.0	14309.5	19873.0	16682.833333333332	22735.25
X2.Hexenoylcarnitine	2060.5	1750.5	1308.0	1580.5	1521.0	1349.1666666666667	2879.0	1821.0	1735.0	1926.25	3107.309523809524	1958.5	2057.0	1635.3333333333333	2142.75	1466.8333333333333	2291.0	1975.75	2345.0	2074.1666666666665	2514.25
Fructose.6.phosphate	29373.0	387494.5	290269.5	306886.0	173852.75	262392.6666666667	107350.25	55897.5	71139.0	215774.0	240740.5	83802.25	138712.0	298124.1666666667	166127.75	261399.16666666666	93473.5	125996.5	126636.5	144960.83333333334	107571.25
L.gamma.glutamyl.L.leucine	2549.5	18988.5	6862.5	9861.0	9022.75	6085.333333333333	7600.0	5936.0	8373.0	6737.25	7970.9047619047615	7900.25	6552.5	7106.833333333333	6024.25	7042.0	8311.5	7388.75	8801.666666666666	6587.5	7632.5
Palmitaldehyde	1018.0	45616.0	2225.0	2094.5	6941.75	9253.333333333334	2520.0	10130.5	6264.5	2608.5	8899.666666666666	6454.5	4229.0	5195.0	2984.75	5046.666666666667	15193.5	11907.0	4688.166666666667	5009.833333333333	12257.0
X5.6.Dihydrouridine	2027.0	25835.0	2440.0	2165.0	2594.5	2395.6666666666665	3214.5	3203.5	4081.5	2442.5	2663.3809523809523	4133.5	3404.0	2971.5	4246.75	2593.5	3917.5	2966.5	3524.5	3142.3333333333335	4710.75
Adenosine	3401.0	13926.0	35355.5	17543.0	22644.75	22739.0	23330.5	66147.5	44088.0	20165.75	12349.047619047618	13719.0	73105.0	31688.166666666668	19627.75	20300.333333333332	54004.0	36336.25	51263.166666666664	40280.666666666664	20197.5
X6.Hydroxymelatonin	2550.5	7956.0	4271.5	15042.5	10858.75	8033.333333333333	60465.0	39221.0	118478.5	58122.75	29608.166666666668	138954.75	11216.0	49884.0	38388.0	18909.0	51566.0	156160.25	71099.0	9437.5	104497.5
X3.Oxohexadecanoic.acid	33442.0	38219.5	19364.0	26872.0	22927.25	22413.0	39217.25	31167.0	29115.5	22970.75	33786.5	25723.25	27121.0	29739.5	24922.0	19688.5	33328.5	33215.5	37319.833333333336	30622.666666666668	29614.0
X.R..3.Hydroxy.hexadecanoic.acid	22564.5	28288.0	10307.5	16631.5	12932.5	13933.0	23830.5	17253.0	15268.5	14774.5	27867.261904761905	17775.5	18970.5	16686.166666666668	15460.25	12752.5	31969.5	20803.0	22319.5	18032.833333333332	22462.5
Heptanoylcarnitine	507.5	654.5	485.5	1001.5	626.0	510.0	1675.25	520.5	744.0	842.75	814.1428571428571	701.75	798.0	1109.3333333333333	752.75	642.0	1104.5	711.0	1996.3333333333333	658.8333333333334	1224.25
Alpha.Linolenic.acid	22894.5	2175663.5	101073.0	103289.5	219455.75	200225.66666666666	127706.25	317377.5	149601.5	154388.25	279620.28571428574	326562.75	89622.0	171296.0	57267.5	144120.0	286619.0	708090.5	150562.5	201575.83333333334	204984.0
Linoleic.acid	218321.0	25568771.0	1234924.0	1132179.5	3283280.25	2906630.0	1586841.5	7838401.5	2207563.5	2184036.25	5649338.928571428	4554291.0	1618057.5	2483078.0	1030024.5	2188924.1666666665	6181917.0	9949336.0	2323307.1666666665	3276233.6666666665	4098832.75
Retinal	4713.0	7513.5	2948.0	7530.5	3954.5	4833.166666666667	6815.0	4979.5	4211.0	3872.0	8018.142857142857	4430.75	4053.5	4112.666666666667	3964.0	4232.166666666667	6721.5	7520.5	7410.166666666667	6134.833333333333	6681.5
Stearic.acid	1980204.5	1977216.5	1526095.5	2142163.0	1838634.5	2017473.3333333333	2511946.75	2516076.0	1951001.0	2061082.5	4107847.8333333335	2257229.75	2581291.0	1978724.8333333333	3484996.0	1905126.0	3660267.0	2407694.5	2144070.5	2354256.5	2787995.5
D.Sedoheptulose.7.phosphate	7205.5	7185.5	50489.5	91383.5	54904.0	65750.33333333333	45188.25	39094.5	27062.5	88286.5	59860.380952380954	25198.25	79951.0	101436.16666666667	60564.0	64269.166666666664	32587.5	42966.25	47699.333333333336	105876.66666666667	30402.0
DHAP.8.0.	1682.5	10024.0	7159.5	5803.0	3538.0	6484.166666666667	4385.75	6233.5	5541.5	4604.25	3120.4761904761904	6448.0	6660.0	5905.0	6062.25	4871.5	4780.0	4941.0	5514.0	6404.833333333333	5588.5
Retinoic.acid	4608.5	7774.0	7034.0	5296.5	6202.75	5987.333333333333	8222.25	5757.5	4860.0	5117.5	7102.0	6012.25	6940.5	4461.333333333333	4651.0	4474.5	6810.5	7012.0	5187.5	7707.5	8554.0
X0.5	2584.0	73648.0	23359.0	18784.0	18439.0	18175.833333333332	13890.75	29146.0	23761.0	22751.5	31377.809523809523	18777.5	32542.5	23655.166666666668	19566.25	18034.333333333332	21225.5	24242.75	27091.5	17829.0	40192.75
N.Acetylaspartylglutamic.acid	1478.5	6316.0	4812.5	3490.0	3419.75	3318.0	3730.75	5855.5	7146.5	3251.75	2601.1190476190477	3609.25	7788.5	4615.5	4811.0	3099.8333333333335	4612.0	5274.0	7170.666666666667	5450.333333333333	3568.5
Arachidonic.acid	34710.0	8960750.5	357045.0	260950.0	942697.75	1585443.1666666667	311793.0	1421659.0	1100403.0	315679.25	1359353.119047619	1205281.5	694164.5	805061.1666666666	380390.25	661094.3333333334	2835038.0	1742352.0	692551.6666666666	650458.3333333334	2024230.5
Corrinoid	2402.5	3728.0	3164.5	3141.0	3492.75	2510.1666666666665	6513.0	3005.5	3249.5	2835.75	3794.404761904762	3570.5	3883.0	3588.0	2551.0	3355.0	4566.5	4342.5	4715.5	4666.5	4501.75
Glutathione	43569.5	129659.5	240422.5	3557221.0	114875.75	519614.1666666667	2518497.75	123511.0	85756.5	575922.0	1527917.5476190476	185083.5	159592.5	718974.0	298806.0	924783.3333333334	200272.0	1789469.75	182179.33333333334	202790.66666666666	98148.25
Eicosadienoic.acid	9342.0	197971.0	19548.5	22742.0	42396.0	64483.5	35788.25	112952.0	37452.0	29016.5	222980.45238095237	35937.5	32660.5	39377.833333333336	33893.0	37790.0	109498.5	99088.0	44749.333333333336	60873.5	80807.75
Androsterone	1923.5	12276.5	11185.0	7687.0	14297.0	41738.833333333336	6801.0	20607.0	12628.0	8104.5	20009.119047619046	11033.0	11252.0	12880.5	8393.5	21204.333333333332	17591.0	20633.5	8522.833333333334	16591.666666666668	18919.25
X3L.7D.11D.Phytanic.acid	27920.0	21638.5	17726.5	29273.0	19666.0	24418.5	34343.0	30113.5	22914.0	26419.5	64267.09523809524	26608.0	26569.5	23488.333333333332	38478.5	23536.833333333332	33368.0	28313.25	27385.0	30285.833333333332	32202.0
D.4..Phosphopantothenate	1998.5	5921.5	41387.5	52875.0	16945.25	32236.333333333332	17742.5	14711.0	10563.5	10854.25	12628.5	17712.75	16990.5	15696.333333333334	17826.75	19795.166666666668	19940.5	29247.5	10235.0	22930.833333333332	7457.25
X3a.20b.Pregnanediol	792.0	2294.5	565.0	591.0	1038.75	1557.5	1020.75	1627.5	931.0	769.5	2896.9523809523807	1051.0	871.5	906.5	938.75	996.0	2364.5	1545.25	1077.3333333333333	1369.5	1575.75
X15.S..Hydroxyeicosatrienoic.acid	2557.5	20957.0	4288.5	3797.5	6288.75	4947.0	5198.25	6788.5	4625.0	3970.75	7348.119047619048	6039.5	6755.5	4898.5	9936.75	5671.0	11972.5	8030.5	7503.5	8059.166666666667	6381.25
Cytidine.monophosphate	4784.0	10832.0	27258.5	16266.5	19924.5	19599.0	18183.0	23343.5	18672.0	16740.75	32004.333333333332	49247.5	30675.0	32289.5	19777.25	21165.333333333332	23631.0	23925.0	21656.333333333332	31510.166666666668	20193.0
Linoleoyl.ethanolamide	354.0	1070.5	368.5	471.5	488.75	736.3333333333334	514.25	930.5	552.0	536.0	644.547619047619	559.75	843.0	608.1666666666666	739.25	622.8333333333334	1083.0	984.75	778.0	656.3333333333334	814.25
X5..Carboxy.gama.chromanol	862.5	3260.5	1204.5	3484.5	2400.0	1303.6666666666667	3193.5	1808.0	1866.5	1747.25	2869.6666666666665	1772.5	1801.0	1525.8333333333333	2128.75	2212.5	1550.0	2230.5	2110.1666666666665	1996.3333333333333	2801.25
N.Oleoylethanolamine	484.5	1581.0	855.5	797.0	918.5	1520.6666666666667	852.75	1197.5	1083.0	989.5	1129.1904761904761	1034.0	1085.0	944.0	1100.75	842.0	1862.0	1215.0	1083.3333333333333	1018.8333333333334	1320.75
Zolpidem	1683.0	7158.5	3450.5	5441.0	2034.0	3176.6666666666665	4755.75	2439.5	2775.0	2784.5	3457.8809523809523	2476.25	3771.5	3071.0	2890.0	2829.5	3851.5	3956.25	3278.1666666666665	3052.5	4628.75
Docosahexaenoic.acid	20214.0	4418915.0	154625.5	149293.0	413286.5	656605.6666666666	168046.25	1014805.5	401470.0	201549.0	772332.5238095238	816343.25	334940.0	506883.3333333333	196281.75	427046.8333333333	1027968.0	1060942.75	370119.5	419740.8333333333	1299937.5
Carnosol	1568.5	5009.5	2560.5	2749.0	3540.0	2519.1666666666665	5596.5	3164.0	3150.0	2663.25	3553.0714285714284	3660.0	3792.0	3263.1666666666665	4059.0	3042.8333333333335	3856.5	3861.5	3938.6666666666665	4699.333333333333	6788.0
Docosapentaenoic.acid	4134.0	567341.5	21284.0	20196.5	53554.0	119891.83333333333	28573.75	123435.5	84063.0	28920.25	274566.40476190473	59606.25	53163.0	55143.333333333336	43395.25	49237.333333333336	151745.5	151266.0	50649.333333333336	66838.16666666667	168154.75
Adrenic.acid	2732.0	336570.5	21722.5	16273.0	53350.0	136472.66666666666	22520.25	121716.0	75546.0	20195.25	204313.45238095237	45958.0	36657.5	43521.0	50710.0	41144.833333333336	144191.0	89403.0	46310.0	62919.0	124233.0
Cetoleic.acid	3059.0	4731.0	2283.0	2956.5	3073.25	3555.3333333333335	5763.0	6992.5	4029.0	4058.5	18602.071428571428	3672.75	4935.0	4038.6666666666665	5858.5	4504.333333333333	6780.5	7237.5	5382.333333333333	7126.0	7169.25
Behenic.acid	10941.0	7244.0	6710.5	10704.0	6938.5	8209.0	12609.0	10127.5	8341.0	8507.0	14618.309523809523	10016.25	8770.0	8441.333333333334	11706.0	8235.833333333334	12201.5	9483.75	8925.5	9877.0	12052.5
Lactosamine	766.0	9227.5	1693.0	1305.5	1615.0	1313.5	1433.75	1792.0	1731.0	1321.25	1287.2380952380952	1438.0	1952.5	1377.3333333333333	1315.0	1147.0	2066.0	1286.0	1831.5	1796.1666666666667	1869.75
Clotrimazole	1569.0	3776.5	8501.5	1794.0	1787.25	5784.5	3742.25	2351.5	2367.5	7021.5	3001.404761904762	3129.0	2128.5	2253.0	2043.75	5275.333333333333	2980.5	1989.0	2749.5	2594.0	10213.75
Adenosine.monophosphate	44508.0	58405.5	1162882.0	1591962.0	1739868.25	2049227.8333333333	536269.75	224633.0	69947.5	426393.0	541440.7142857143	440498.75	156744.5	694218.8333333334	817947.0	1434171.0	136606.5	58111.25	470553.5	879176.6666666666	65581.5
Anandamide	329.0	623.0	747.5	1320.5	1057.75	1465.8333333333333	871.75	686.0	558.5	564.25	693.0	626.0	886.0	862.5	881.5	953.3333333333334	1221.0	774.25	740.5	874.3333333333334	791.75
Inosine.2..phosphate	12293.0	20949.5	48501.0	155178.5	66107.25	95422.0	90904.5	36429.0	18212.0	70331.0	62292.380952380954	63134.5	24540.0	115878.0	123080.75	89328.16666666667	20288.0	24516.5	69541.5	185898.5	12180.5
X3b.15b.17a.Trihydroxy.pregnenone	1248.0	6479.0	2582.5	4600.0	3750.5	3119.1666666666665	4080.5	2854.5	2345.0	3201.0	3336.9285714285716	2931.25	3597.0	3855.5	4431.25	3062.3333333333335	3128.0	5124.0	5880.333333333333	3470.5	26462.0
X.S..Reticuline	827.0	4973.0	1066.0	1530.5	2046.75	1349.6666666666667	1503.0	1862.5	1132.5	1464.75	1647.3095238095239	2040.75	2599.5	1372.6666666666667	1857.0	1425.0	2148.0	1686.5	2292.0	1999.0	2635.5
Monoacylglyceride.with.formula.C21H36O4	816.5	1658.0	1128.0	1863.0	1265.5	1235.8333333333333	2587.0	1187.0	1293.5	1176.0	1675.142857142857	1234.75	1871.5	1298.3333333333333	2072.75	1342.3333333333333	1604.0	2147.25	1885.0	1554.5	3293.25
Prostaglandin.F1a	1208.5	8141.5	1886.5	2499.5	2377.75	2316.5	5080.75	2815.5	1913.5	1919.75	3726.4285714285716	2702.25	3279.0	2627.8333333333335	2603.75	2391.0	3805.5	3607.0	3176.1666666666665	3399.8333333333335	4288.25
Tetracosahexaenoic.acid	836.5	27133.0	4590.0	4129.5	6883.75	15947.166666666666	4036.0	14029.0	3795.0	3736.25	32592.071428571428	6706.5	4081.0	6599.333333333333	3239.75	6481.333333333333	16178.0	13184.25	5025.666666666667	9109.166666666666	13626.0
X5.amino.1..5.phospho.D.ribosyl.imidazole.4.carboxylate	2390.5	7149.0	18683.0	15112.0	8310.5	12822.0	10382.5	11567.0	10937.0	10696.5	11580.97619047619	10494.0	9034.0	10043.0	8790.5	11651.0	9948.5	10309.75	9613.166666666666	9719.666666666666	8409.5
Aldosterone	1757.0	11481.0	2617.0	3040.5	3337.0	3227.3333333333335	3660.0	3996.0	3637.5	2908.25	3407.809523809524	3729.75	4274.5	3478.1666666666665	4819.0	3141.3333333333335	3248.5	5045.5	4328.666666666667	3410.3333333333335	13770.0
Monoacylglyceride.Phosphate.with.formula.C21H42O3	997.0	1597.0	816.0	907.5	1109.5	1360.1666666666667	1165.25	1573.5	1423.0	1084.5	2463.3571428571427	1092.75	1322.5	1132.6666666666667	2469.5	904.3333333333334	2104.0	1596.0	3000.3333333333335	1151.3333333333333	1460.75
Phosphoribosyl.formamidocarboxamide	1414.0	10962.0	3755.0	4976.5	3425.25	3682.5	7657.5	6401.0	10244.0	7564.75	3950.2619047619046	9691.0	3861.5	7329.166666666667	4415.0	4056.3333333333335	8104.0	10339.0	8925.333333333334	3903.8333333333335	12071.25
Tetrahydrocortisol	2310.5	17568.0	5271.0	13445.0	17505.25	7942.666666666667	17997.75	7945.5	9202.5	6406.25	10544.690476190477	8119.75	7750.5	11208.5	9106.5	9694.166666666666	7038.5	10359.25	16760.5	6257.666666666667	94850.75
Nervonic.acid	3157.5	2512.5	2327.0	2092.0	2717.0	3059.5	4195.0	4580.0	4724.5	2825.5	5954.357142857143	3330.75	3995.0	4161.166666666667	9437.5	3078.6666666666665	5886.5	4849.25	4863.0	3851.1666666666665	6809.25
Cortol	2550.5	5009.5	2879.0	5522.5	5526.25	5108.333333333333	7400.75	6247.5	4500.0	5903.25	8251.857142857143	5736.0	6776.5	7057.666666666667	6354.25	5486.0	9414.0	9407.0	9023.666666666666	6671.0	10220.25
X6.Keto.prostaglandin.F1a	1772.5	64478.5	3731.0	3768.0	7935.5	4215.0	6963.25	6867.5	5603.5	6077.5	7072.357142857143	11655.75	9819.0	6970.833333333333	6802.5	4689.666666666667	12363.0	8687.5	9195.333333333334	11270.166666666666	10225.75
X18.Hydroxycortisol	11836.0	33089.0	11746.0	23294.5	16569.0	26878.833333333332	19746.0	33357.0	14075.0	18751.5	20414.714285714286	9521.75	19047.5	20661.0	18063.25	25082.833333333332	14130.0	40591.0	30397.833333333332	18084.666666666668	86986.5
Leukotriene.B4.ethanolamide	361.0	9979.0	979.5	801.5	1918.25	1244.5	1484.75	1338.0	1215.0	1474.5	1861.5714285714287	1689.75	934.0	2263.1666666666665	1022.75	1134.5	1999.0	2148.75	1420.8333333333333	1377.3333333333333	2124.0
Rosmarinic.acid	7716.0	1429381.0	568174.5	54738.0	17018.0	324487.8333333333	130678.25	13496.5	25049.5	660505.75	186310.42857142858	207436.75	20174.5	115379.16666666667	28290.25	318775.0	40922.0	106732.5	73439.16666666667	36841.833333333336	846990.5
Bisnorcholic.acid	5448.0	46204.0	5881.0	5363.5	24992.0	5528.333333333333	7936.25	28680.5	4806.0	17826.0	9187.0	17018.5	6881.5	8206.5	32517.0	9012.833333333334	11437.5	25234.0	8135.5	9489.833333333334	6874.25
MG.20.3.11Z.14Z.17Z..0.0.0.0.	535.5	2199.5	1244.5	784.0	931.75	1114.8333333333333	1539.5	974.5	816.0	1188.75	956.8571428571429	1243.25	915.5	1156.5	1016.75	1040.5	1547.5	1923.5	1131.6666666666667	933.5	1963.5
Succinyladenosine	925.5	153930.5	5997.0	6634.5	8477.25	7929.0	5158.5	11149.0	11767.5	6261.0	4864.190476190476	9258.0	8727.0	7639.666666666667	7406.75	5881.0	13209.5	9164.75	7483.833333333333	6333.166666666667	28497.5
Monoacylglyceride.with.formula.C23H44O4	3085.5	2506.5	1864.5	2990.5	2160.75	2360.3333333333335	4767.5	2939.0	2782.0	2673.25	2832.3571428571427	2477.0	5439.5	2462.0	3302.75	2497.1666666666665	5810.0	2395.0	3154.8333333333335	3339.0	3832.75
Phosphoribosyl.pyrophosphate	2585.5	4403.5	2672.5	3569.0	2570.75	3100.3333333333335	3030.75	2459.5	3416.5	3233.75	2616.8333333333335	2483.5	3197.5	2954.0	2758.0	2587.3333333333335	2555.0	3035.75	3463.5	2862.5	3475.0
Finasteride	704.5	9021.5	2535.5	3535.0	7168.5	5603.833333333333	4996.0	16910.0	4874.0	5105.25	6413.4047619047615	11925.25	4631.5	7256.833333333333	4088.25	5541.166666666667	7324.0	12854.25	8264.5	13309.333333333334	8866.0
X7a.12a.Dihydroxy.3.oxo.4.cholenoic.acid	1049.5	4973.0	1412.5	1614.5	4553.5	1514.8333333333333	3011.75	2406.5	2434.5	2077.0	2786.5	2300.75	2271.5	3493.3333333333335	3989.0	3319.3333333333335	2521.5	3168.5	3025.1666666666665	2767.3333333333335	3737.75
X13E.Tetranor.16.carboxy.LTE4	664.5	2768.0	1690.5	2870.0	1765.5	1485.5	1724.0	1576.5	2408.0	3251.75	1403.0714285714287	3949.5	2108.0	1710.1666666666667	2881.5	1697.8333333333333	1842.5	1426.25	2743.5	1788.5	2422.5
Pravastatin	627.5	3310.0	1250.5	1327.5	2982.75	1145.0	2260.0	1976.5	1792.0	1703.25	1612.0	2104.0	2128.0	1855.8333333333333	2769.25	1582.5	1741.0	2337.25	2129.0	2248.8333333333335	2913.25
Chitobiose	1250.5	15927.5	1665.5	5473.5	1833.25	3160.1666666666665	4694.25	2063.0	2551.0	2861.25	3222.7619047619046	5982.25	2021.5	4520.5	2269.5	3449.8333333333335	2653.0	4820.75	4004.8333333333335	2921.1666666666665	3094.0
ADP	14893.0	7135.5	176698.0	108635.5	94192.75	137763.16666666666	48098.25	74191.0	54652.5	93702.75	90942.52380952382	52216.75	62412.0	186549.83333333334	133767.5	160219.66666666666	44983.5	39283.5	85627.33333333333	137908.0	31203.25
Ketoprofen.glucuronide	967.5	45350.5	3268.5	2031.0	2372.75	2242.1666666666665	2729.25	3297.5	2761.0	3025.0	2345.1428571428573	6465.75	1828.0	2291.0	1761.5	2474.5	2436.5	5239.0	3381.0	2066.3333333333335	3121.5
X17.Hydroxypregnenolone.sulfate	1367.0	6634.5	2349.0	2315.0	3233.25	3381.6666666666665	4059.5	3307.5	3122.0	3569.0	2744.8571428571427	3940.25	3035.0	2885.3333333333335	2550.5	2765.3333333333335	3707.5	4427.0	5117.666666666667	3014.1666666666665	5014.75
X3.5.Diiodo.L.tyrosine	3769.0	2345.0	2532.0	2739.0	2537.0	2830.6666666666665	3005.25	2371.5	2561.5	2495.25	2537.5238095238096	2518.5	2613.5	2459.3333333333335	2907.25	2465.0	2416.0	2684.75	3084.3333333333335	2794.5	2617.25
LysoPhosphatidylcholine.with.formula.C21H39O7P	2133.0	10555.5	6002.5	8370.5	15541.75	9063.166666666666	6553.75	12659.5	5011.5	5656.5	8652.714285714286	8134.5	5618.5	6100.166666666667	6242.75	12899.166666666666	7454.0	13757.5	8399.166666666666	7499.833333333333	10196.0
PE.P.16.0e.0.0.	834.0	6542.0	3014.5	2273.5	5874.5	7800.666666666667	2258.5	6197.5	5095.0	2830.5	4180.119047619048	4434.0	4545.5	5505.666666666667	8178.25	4119.166666666667	6530.0	7951.25	5250.166666666667	3977.3333333333335	7544.25
MG.24.1.15Z..0.0.0.0.	2999.5	1823.5	1495.0	2537.5	1737.75	1741.5	3530.0	2352.0	1851.5	2410.75	2412.1428571428573	1939.0	2036.5	2073.3333333333335	2544.0	1920.3333333333333	2645.0	2110.25	2530.1666666666665	2529.1666666666665	3044.75
Se.Adenosylselenomethionine	723.5	4495.5	2173.5	1590.0	1281.5	2406.5	1793.25	1661.5	1726.0	2440.25	1689.3333333333333	1737.5	2198.0	1700.0	1454.75	2014.3333333333333	1499.5	1487.5	1608.3333333333333	1540.6666666666667	2959.75
Chenodeoxyglycocholic.acid	2375.0	3746.0	2030.0	2186.0	8366.75	2372.5	2781.25	2492.5	2621.0	2395.75	3405.8333333333335	2262.75	2619.0	2835.5	2247.5	4959.166666666667	2962.5	6069.75	2679.0	2730.0	2785.0
X5b.Cholestane.3a.7a.12a.23R.25.pentol	4245.0	3033.0	2441.0	2166.5	4049.25	2920.3333333333335	3282.0	3914.0	2444.0	3575.5	2435.690476190476	2794.75	3441.0	2740.6666666666665	3296.5	2947.5	2962.5	3676.25	2875.8333333333335	3683.8333333333335	5392.25
X3.17.Androstanediol.glucuronide	889.0	3530.5	1509.0	1575.0	2127.5	1788.1666666666667	2490.0	2218.0	1881.0	1854.25	1991.0	2544.75	2890.5	2011.0	2345.25	1913.8333333333333	2608.0	2532.5	2411.1666666666665	2311.5	3358.0
X5.Methyltetrahydrofolic.acid	962.0	2908.0	864.0	1140.5	1908.75	1116.1666666666667	1896.25	1148.0	1483.5	1713.5	1855.547619047619	1599.0	1811.0	1454.3333333333333	2922.5	1303.8333333333333	1922.0	1489.75	2455.5	1925.1666666666667	1760.75
Docosa.4.7.10.13.16.pentaenoyl.carnitine	690.0	2098.5	1199.0	1274.5	2137.25	2241.5	1447.0	2878.5	2907.0	1251.25	1494.3095238095239	1824.5	2447.0	1964.0	4088.0	1906.6666666666667	3146.0	2691.25	4112.0	1934.6666666666667	2776.25
Taurocholic.acid	2414191.0	26786584.0	23935910.0	22966092.0	23845823.0	15011639.166666666	15127283.5	26498988.0	16524378.0	14525134.5	19126421.57142857	17135362.75	23777317.0	20262357.0	21633118.5	22193568.0	13736457.5	27055038.5	22004534.666666668	22795001.333333332	17920865.25
Poly.g.D.glutamate	1106.5	9942.0	4155.5	4700.5	25787.0	2651.3333333333335	3263.5	16704.0	2664.0	2890.25	8798.904761904761	3397.25	7166.5	4705.833333333333	5285.25	14233.666666666666	2852.5	14369.5	6294.333333333333	7926.0	6320.25
Arachidonyl.carnitine	364.0	564.5	488.5	625.0	696.5	598.3333333333334	1077.5	800.0	613.5	609.75	652.6666666666666	610.25	705.5	670.3333333333334	740.0	655.0	820.5	905.75	781.8333333333334	701.0	1198.25
LysoPE.0.0.22.6.4Z.7Z.10Z.13Z.16Z.19Z..	5030.0	372186.0	7198.0	26135.0	52650.5	46141.833333333336	15073.0	92234.5	34426.5	31652.75	27159.714285714286	51719.75	18886.0	36187.5	23119.75	51706.666666666664	47936.5	50385.25	31976.666666666668	32455.166666666668	98069.0
LysoPhosphatidylcholine..18.2.9Z.12Z..	3875.5	26655.0	8835.5	17521.0	30741.25	11867.833333333334	7329.75	19634.0	8062.0	8550.0	12529.952380952382	10384.5	8875.5	8840.833333333334	13433.75	21706.833333333332	15687.0	21457.5	15188.0	10006.333333333334	15631.75
Lysophospholipid.with.formula.C26H54NO7P	2490.5	13638.0	5567.5	11305.0	21894.75	9089.333333333334	6221.5	10580.5	8552.0	7666.25	9976.619047619048	10312.75	7376.0	8775.166666666666	12395.0	12279.333333333334	12277.0	11271.0	10308.0	9390.166666666666	11920.5
Diglyceride.with.formula.C32H62O5	2289.5	1919.5	1917.5	2119.0	1979.5	1989.3333333333333	2331.5	2109.0	1959.0	2104.5	2399.3571428571427	2341.25	2362.0	2083.3333333333335	2127.0	2141.5	2247.5	1938.75	2031.3333333333333	2158.1666666666665	2094.25
Triglyceride.with.formula.C33H62O6	422.0	729.5	680.0	903.5	894.0	856.3333333333334	962.25	959.0	525.5	576.25	818.5714285714286	885.5	776.5	737.1666666666666	761.75	791.3333333333334	804.0	1142.75	830.0	918.1666666666666	1441.5
Ceramide.with.formula.C36H71NO3	325.5	860.5	591.5	732.5	524.75	796.6666666666666	921.75	1175.5	2423.0	1527.0	1412.2380952380952	4902.25	757.0	1663.1666666666667	1569.75	801.5	3186.5	945.75	855.8333333333334	1302.3333333333333	2270.5
Uridine.diphosphate.glucose	10245.0	5385.5	302492.0	69372.0	39786.5	70239.5	54212.75	103788.0	90345.0	69308.75	99691.38095238095	79539.0	87671.5	109805.83333333333	98272.25	124625.16666666667	113150.5	81701.25	75825.66666666667	121053.66666666667	34391.0
LysoPE.0.0.24.6.6Z.9Z.12Z.15Z.18Z.21Z..	1179.5	6901.5	2332.5	1884.5	5151.75	1947.3333333333333	2446.0	5684.5	2660.0	2235.0	2802.1428571428573	2967.0	5397.0	2575.1666666666665	4673.5	2873.3333333333335	3270.0	4783.25	3331.8333333333335	3013.1666666666665	3730.75
LysoPC.22.2.13Z.16Z..	323.5	644.5	529.5	623.5	617.5	607.5	675.75	871.0	671.0	575.0	595.4285714285714	710.0	1186.0	690.3333333333334	872.25	622.6666666666666	1010.5	872.75	836.3333333333334	942.8333333333334	933.75
Endomorphin.2	1138.0	3737.5	1720.5	2756.5	2567.0	1640.3333333333333	2622.0	3084.5	2173.0	2398.75	3363.8571428571427	2494.25	2418.5	2266.1666666666665	1983.75	2005.8333333333333	2784.0	3318.5	4017.0	2700.8333333333335	3052.75
Mesobilirubinogen	1026.5	4603.5	1675.0	2078.0	8594.0	2656.0	3664.25	25133.0	2268.0	3219.75	6766.261904761905	4439.5	2890.0	2448.3333333333335	4636.0	3367.0	2640.5	2825.5	9601.0	3831.8333333333335	8095.5
DG.14.0.20.1.11Z..0.0.	404.5	610.0	585.0	605.0	522.75	594.8333333333334	716.25	608.5	535.0	566.75	576.9285714285714	884.75	644.0	689.1666666666666	608.25	689.8333333333334	657.5	677.5	644.3333333333334	667.3333333333334	1117.75
X2.Hexaprenyl.3.methyl.5.hydroxy.6.methoxy.1.4.benzoquinol	512.0	6618.5	955.0	872.5	1235.25	1232.6666666666667	1263.0	1958.0	1064.5	1286.75	1498.2142857142858	1583.25	1441.5	1037.1666666666667	1949.25	1093.5	2374.5	2104.0	1422.5	1592.8333333333333	2424.75
X.23S..23.25.dihdroxy.24.oxovitamine.D3.23..beta.glucuronide.	1092.0	4297.5	1845.0	2138.5	4460.0	2052.6666666666665	2677.0	3611.5	2846.0	1927.0	6040.809523809524	2541.75	2324.5	2367.3333333333335	2557.75	3256.6666666666665	3306.5	3384.0	2810.1666666666665	2239.5	3750.5
Diglyceride.with.formula.C39H66O5	447.0	3490.0	1688.5	1360.0	3527.25	3715.5	2299.25	3999.5	1875.5	2933.0	3457.809523809524	3421.5	1664.5	3590.1666666666665	2114.5	2458.0	3876.5	8575.25	2240.8333333333335	3560.3333333333335	3082.0
Diglyceride.with.formula.C39H72O5	1942.5	14576.0	8935.0	5266.0	29259.75	20534.333333333332	16432.75	44575.0	12442.5	24758.0	45342.166666666664	20797.75	9683.0	22962.166666666668	13640.0	24559.833333333332	28070.0	27994.0	16029.0	35733.5	16436.0
Ceramide.with.formula.C42H81NO3	333.0	1640.0	1837.0	1220.5	1263.25	1993.6666666666667	2987.5	3184.5	7852.5	3316.75	7715.547619047619	14991.0	4491.5	5909.833333333333	12840.75	2151.3333333333335	15426.5	4626.0	2842.8333333333335	3503.5	13436.75
X.3a.5b..24.oxo.24...2.sulfoethyl.amino.cholan.3.yl.b.D.Glucopyranosiduronic.acid	862.0	3485.5	990.5	1455.5	1774.0	1216.3333333333333	1636.0	1789.5	1598.5	1186.25	1386.4761904761904	1524.0	1639.5	1377.6666666666667	1592.5	1486.5	2354.0	1938.0	1822.0	1579.0	1991.5
DG.18.4.6Z.9Z.12Z.15Z..22.6.4Z.7Z.10Z.13Z.16Z.19Z..0.0.	1619.5	1181.5	1519.0	1547.0	1586.25	1898.0	2139.0	1826.5	1771.5	2018.75	1943.2142857142858	2187.5	2199.0	2114.3333333333335	2084.5	1907.6666666666667	2558.0	2312.5	2173.8333333333335	2571.6666666666665	2452.75
Diglyceride..16.0.22.6.4Z_7Z_10Z_13Z_16Z_19Z..0.0.	726.5	3852.5	4136.0	3257.0	5800.5	15028.666666666666	5565.75	10650.5	6376.0	5881.25	9417.833333333334	5947.75	5930.5	8225.333333333334	5914.0	16259.666666666666	11684.0	12366.5	5050.166666666667	9119.0	10970.5
Glycogen	11921.0	432235.0	22609.0	13007.5	11479.75	16247.833333333334	16618.5	6175.0	20058.5	39755.0	19261.380952380954	1004081.25	15464.5	79898.66666666667	18599.0	44444.666666666664	45493.0	18217.75	9129.166666666666	27599.166666666668	19669.0
Phosphatidic.acid..16.0.18.1.11Z..	733.0	2093.5	7577.5	3619.5	5249.0	9960.5	4265.5	9417.0	12609.5	6976.5	7350.5	6339.25	7700.0	13474.5	9814.25	7587.5	12423.0	7026.0	7491.5	7215.5	12876.75
Diglyceride..18.2.9Z.12Z..22.6.4Z.7Z.10Z.13Z.16Z.19Z..0.0.	686.0	2831.0	1430.0	1660.5	2647.75	5973.833333333333	2135.75	5718.0	2453.5	2226.75	4160.023809523809	3267.5	4029.0	2938.0	2744.0	2659.0	4752.5	8509.5	2389.6666666666665	4624.166666666667	6417.5
Phosphatidylcholine..14.1.9Z..15.0.	349.5	886.0	1532.0	1278.5	1397.0	2628.5	1250.25	2052.5	2117.0	1977.5	1972.2619047619048	2369.25	2118.0	2578.8333333333335	2389.5	1738.5	3120.5	2223.75	2123.0	2295.3333333333335	2763.25
Phosphatidylcholine..14.0.15.0.	276.5	664.0	999.5	667.5	857.5	1302.3333333333333	994.5	1106.5	2702.5	1188.0	1443.452380952381	2254.0	1217.0	1953.0	1925.25	1059.8333333333333	2603.0	1522.25	1291.3333333333333	1391.6666666666667	1545.5
SM.d18.0.14.0.	1525.0	1851.0	1167.5	1488.5	1451.0	1437.1666666666667	1893.75	1310.5	1437.5	1627.0	1534.7380952380952	2011.5	1657.5	1594.1666666666667	1873.25	1518.3333333333333	1984.0	1772.5	1774.8333333333333	1958.6666666666667	2207.75
Phosphatidylethanolamine..14.0.20.2.11Z.14Z..	4754.0	14050.0	36692.5	27549.0	35483.0	108203.16666666667	30604.25	174363.0	104042.0	75101.0	60729.380952380954	99210.25	164675.5	142953.16666666666	144962.75	47483.166666666664	164957.5	216937.25	86632.83333333333	96612.0	242786.5
Phosphatidylcholine..15.0.18.3.6Z_9Z_12Z..	6417.0	18944.0	104230.5	76861.5	62614.5	280941.0	62646.75	202931.0	113405.5	134666.5	124880.26190476191	143785.75	212120.5	210579.16666666666	248957.75	92099.16666666667	207730.5	329864.75	139664.0	203897.66666666666	318431.0
Phosphatidylcholine..15.0.18.2.9Z_12Z..	17577.5	53391.5	182598.5	177145.0	195168.25	481948.8333333333	180399.75	771266.0	350208.5	306725.75	321378.0714285714	351799.5	526663.0	503148.3333333333	555757.25	278760.5	677580.0	736121.5	351452.0	425960.3333333333	807477.25
Phosphatidylcholine..15.0.18.1.11Z..	5715.0	18296.0	56308.5	41522.0	76901.0	139614.33333333334	59924.75	203981.0	179331.5	91807.25	131401.54761904763	119074.0	143949.5	215317.5	190439.75	95527.16666666667	217094.0	124255.5	114777.16666666667	129788.33333333333	218213.75
Phosphatidylethanolamine..20.3.5Z_8Z_11Z..P.18.1.11Z..	1918.5	9799.0	69878.0	16937.5	26048.25	85781.83333333333	24112.25	66358.0	72085.0	44465.0	42668.42857142857	71820.5	90444.0	79718.83333333333	114925.0	33149.833333333336	99277.0	53856.75	46925.833333333336	49544.0	129413.0
Phosphatidylethanolamine..16.0.22.6.4Z_7Z_10Z_13Z_16Z_19Z..	27814.5	143420.0	876804.0	428880.0	583924.25	2924495.0	480467.0	1936511.0	1449213.0	1471636.0	861436.7380952381	1455907.25	1962685.0	2846994.3333333335	1360781.0	949019.6666666666	2416966.5	1750241.25	1028193.8333333334	1485206.3333333333	3412496.0
Phosphatidylcholine..15.0.20.4.5Z_8Z_11Z_14Z..	27048.5	126510.5	719206.0	448336.5	520909.25	2045231.6666666667	529919.5	1273962.0	1595965.0	999311.5	1082545.8095238095	1383446.25	1639849.0	1816292.3333333333	1745255.5	896267.3333333334	3123101.0	2017059.25	791318.5	1218698.8333333333	2564167.75
Phosphatidylglycerol16.0.20.4.5Z_8Z_11Z_14Z..	822.0	14841.0	27008.0	16710.5	12729.5	55262.0	9209.75	85383.5	36213.5	19549.25	41010.71428571428	31467.25	22073.5	29282.666666666668	68860.0	43036.166666666664	48856.0	75889.75	34490.666666666664	26790.166666666668	57588.0
Phosphatidylcholine..14.0.22.4.7Z_10Z_13Z_16Z..	1245.0	3572.5	21553.5	18723.5	18736.25	49898.166666666664	14900.5	27583.0	25562.0	23201.75	22899.64285714286	23215.5	29719.5	33286.833333333336	31789.75	25711.166666666668	45140.5	33791.5	22458.333333333332	29647.333333333332	47873.5
FAD	877.5	4319.5	5876.0	3536.5	2077.5	2203.8333333333335	2620.5	2701.5	3631.5	3773.5	4290.071428571428	4908.25	2910.0	4328.333333333333	3698.25	3271.8333333333335	3885.0	3326.25	3848.3333333333335	3663.6666666666665	3389.25
Phosphatidylglycerol18.0.18.0.	19371.0	14871.0	37965.0	48870.5	56528.25	91100.16666666667	62550.0	154024.5	69161.0	66521.5	66201.76190476191	60731.5	92391.0	102878.5	101205.75	62923.833333333336	120781.5	141182.75	86363.66666666667	82297.0	157388.25
Phosphatidylcholine..16.0.22.6.4Z_7Z_10Z_13Z_16Z_19Z..	2079.5	5e3	24791.5	23875.0	22701.75	60779.0	17020.5	42774.0	25957.5	30128.75	21704.619047619046	23984.75	32274.5	43376.5	28284.5	28451.166666666668	52379.5	41002.25	24278.166666666668	36672.833333333336	51988.25
Glucosylceramide..d18.1.24.1.15Z..	1767.0	2004.5	2269.0	2599.5	2343.0	3137.8333333333335	2552.5	2725.5	4177.0	2404.25	2806.095238095238	4387.0	2824.5	2928.0	3477.5	2310.1666666666665	3752.5	2976.0	3007.1666666666665	2601.8333333333335	3132.5
PC.20.4.5Z.8Z.11Z.14Z..P.18.1.11Z..	1179.0	2192.0	4774.5	3901.5	3855.5	8000.833333333333	4377.25	8070.5	7750.5	5700.75	5249.523809523809	7303.5	7372.5	9956.166666666666	10214.75	4633.333333333333	15736.0	7794.25	5820.333333333333	6530.333333333333	10054.0
Propionyl.CoA	584.5	3136.0	2236.0	2080.0	1849.0	2386.1666666666665	1520.5	2256.0	2287.0	1966.75	1842.1666666666667	2587.5	1960.0	2316.5	2399.75	2265.6666666666665	2157.0	2309.25	2129.5	2090.5	2648.0
Phosphatidylglycerol.with.formula.C46H83O10P	8215.0	11063.5	53124.5	60486.0	50141.25	128397.33333333333	48525.5	97058.5	60151.5	72509.75	49278.666666666664	53794.75	64634.0	102794.5	62738.75	64887.666666666664	118040.5	92379.5	54777.5	76529.5	119112.0
Phosphatidylcholine..16.0.22.5.4Z_7Z_10Z_13Z_16Z..	7352.0	10609.5	60160.0	56887.0	53111.75	110825.66666666667	50046.5	67613.5	60971.0	70014.75	55861.28571428572	59995.5	65892.5	88303.5	83230.75	60901.333333333336	96648.5	77104.5	51655.0	83194.66666666667	104467.25
P1.P4.Bis.5..adenosyl..tetraphosphate	1423.5	5411.5	7522.0	6775.5	4657.25	6904.0	5983.5	6178.0	5377.0	7832.0	5174.4047619047615	7325.25	6903.0	7395.833333333333	5708.75	6055.833333333333	8130.0	6403.0	6697.833333333333	7880.166666666667	6668.0
Sphingomyelin.with.formula.C47H93N2O6P	1244.5	1781.5	2952.0	2282.5	2769.75	3730.8333333333335	3656.75	3923.0	8415.0	3497.0	4058.0476190476193	6850.25	4165.0	5873.5	8339.75	2941.8333333333335	6519.0	4494.75	4000.5	3604.1666666666665	5972.0
Phosphatidylserine..18.0.22.5.7Z_10Z_13Z_16Z_19Z..	8045.0	9413.5	15618.0	18372.0	24351.5	37271.166666666664	25634.0	55495.5	38072.5	25808.5	27855.238095238095	19244.75	36837.0	47204.0	39505.75	25794.666666666668	52893.5	46446.75	35872.5	33117.166666666664	56677.25
Phosphatidylserine..18.0.22.5.7Z_10Z_13Z_16Z_19Z...1	8045.0	9413.5	15618.0	18372.0	24351.5	37271.166666666664	25634.0	55495.5	38072.5	25808.5	27855.238095238095	26124.0	36837.0	47204.0	39505.75	25794.666666666668	52893.5	46446.75	35872.5	33117.166666666664	56677.25
X3.O.Sulfogalactosylceramide..d18.1.22.0.	1141.0	1871.5	2536.0	2350.0	2543.0	3531.1666666666665	2146.0	3278.0	4509.0	2813.25	2642.4761904761904	3196.75	3742.5	3638.6666666666665	4611.5	2532.5	4296.0	3552.5	4485.0	3106.5	5101.75
Tricaprylic.glyceride..16.0.18.0.20.4.5Z_8Z_11Z_14Z...iso6.	547.5	1488.5	2309.0	3257.5	1918.0	2758.5	2226.5	2576.5	3486.5	3196.25	2138.4761904761904	2895.75	3166.0	2776.1666666666665	3416.5	2455.0	2388.5	2603.75	3308.0	3001.8333333333335	2541.5
Phosphatidylinositol18.0.22.6.4Z_7Z_10Z_13Z_16Z_19Z..	1969.5	2931.0	7730.5	6294.5	6438.0	11169.833333333334	7190.25	9905.5	14716.0	8303.5	12595.404761904761	9223.75	8963.5	13958.0	12798.25	8989.0	14492.5	11011.0	7606.166666666667	9957.833333333334	14384.5
Adipoyl.CoA	530.0	4558.0	3254.5	3858.5	2067.25	1919.0	1954.75	3600.5	2759.5	2140.0	2379.809523809524	3472.5	3406.5	2850.6666666666665	3215.0	3025.3333333333335	1703.5	2476.75	3100.1666666666665	3256.3333333333335	2036.5
PIP.16.0.20.3.5Z.8Z.11Z..	2756.0	3617.0	4312.5	5055.5	4483.5	6010.333333333333	4931.25	5625.0	5074.5	4714.25	4543.285714285715	5297.25	5356.0	5588.0	5776.75	4927.333333333333	5949.5	6275.5	5980.666666666667	5525.166666666667	7198.5
PIP.20.1.11Z..18.1.11Z..	1037.5	1973.0	3010.0	2770.0	2705.0	3985.8333333333335	2752.0	3754.0	3935.5	3517.25	3086.5238095238096	3689.75	3707.0	4015.5	4550.5	2985.5	4458.0	4158.5	3665.1666666666665	3605.6666666666665	4358.25
row_mean	30493.564383561643	292842.4589041096	135651.2876712329	142280.50273972604	138213.71506849315	133772.90502283105	111221.49726027397	184700.1205479452	122817.82739726028	122063.42739726027	160008.4399869537	137123.81164383562	163858.49178082193	140595.17305936074	135260.94452054796	139104.2502283105	161932.44109589042	197073.32876712328	143554.4799086758	147409.59634703197	165012.54657534245
