@format=row	BXD56	BXD45	BXD49	BXD101	BXD40	DBA/2J	BXD87	D2B6F1	BXD65b	BXD100	C57BL/6J	BXD48	BXD65	BXD69	BXD70	BXD73	BXD84	BXD63	BXD68	BXD66	BXD79	BXD81	BXD29	BXD98	BXD62	BXD90	BXD64	BXD102	BXD60	B6D2F1	BXD44	BXD73b	BXD48a	BXD32	BXD9	BXD61	BXD89	BXD27
X2.Piperidinone/L.Serine	16.473786407767	13.4376744186047	22.3506750082318	12.2855328606202	8.38149109792285	11.0824391520544	12.3268620496547	20.8696132596685	14.2245437079731	14.869480784955	11.7599072300091	12.1550081338601	12.6882902298851	12.3583833280707	13.6898156767827	17.0292623758623	20.4144329896907	13.786755952381	10.1247183153314	15.905710102489	10.9013386217154	9.12397356298818	17.2587520706792	18.3645833333333	11.99751287973	14.2299843014129	11.7439306358382	13.3061535853534	12.4717938707788	14.807563338301	16.3735144312394	14.0702224052718	16.4848743804478	18.4364276286846	16.1224983860555	15.9472014925373	15.4713129605025	19.8553958023467
X5.Aminopentanal/L.Serine	10.7001121076233	10.9063797659494	22.1392694063927	11.2836314152411	7.3412930474334	13.102103960396	8.63880167451596	19.8437523452158	13.376467931346	16.2278862242052	10.2489673960805	14.0147374062165	13.4681256672259	10.0873711340206	12.7897025569664	15.9960834579506	16.9016729259133	9.0193730529595	10.9464000672099	13.627195183141	9.58221963974433	6.90870488322718	12.5675914756735	12.5886748588509	12.0145881515745	11.4330460374185	10.0795435753266	12.02220860775	11.0694733194733	15.3065665318698	14.4504379898571	12.8915094339623	15.9110854503464	16.2647001746555	13.4975003377922	11.3893404397069	13.3716463096357	20.5060590544462
Valeric.acid/L.Serine	1.6888063167673	1.44729986975253	5.98738643380083	1.63508317252842	2.12363140829848	3.11047451153225	1.13497301570933	4.77030488904925	2.57190620929223	4.11794842763735	1.76455546813533	3.65883175935642	3.84770058601834	2.58053669150129	3.31296746868523	3.29446359169905	2.68727608294431	2.96983587639441	2.47907074089577	2.78239934432947	1.67710769856605	1.83619508262797	3.2711935362331	3.35156284539546	2.60417229013226	4.34713452162097	0.718456787212976	1.98284747132825	2.55704966582623	2.91620501155666	2.95396069930729	1.32161785755735	0.999875602550148	3.27992799279928	4.1974452708097	2.64487282628876	1.34785857097759	4.14007580978635
Dimethylglycine/L.Serine	0.483556568823027	0.331546935965114	0.549454018569035	0.356276720140195	0.198107169784854	0.40482973556911	0.245332788438319	0.697954583248647	0.309948752655687	0.282322416884659	0.270438297270411	0.429117610862698	0.275997912291229	0.387319274425785	0.290939594659829	0.381696549942907	0.293500364615138	0.419560816777542	0.164540481289905	0.347663383911656	0.277263346377427	0.168697809624322	0.366084939914264	0.445050429146755	0.322743130227001	0.246629572693757	0.277900121736038	0.296141889138735	0.287741499662238	0.355371457440102	0.483270630319477	0.265729886979722	0.304371836461634	0.428977970682172	0.44793151999426	0.379215190434995	0.239446730313743	0.485257886021245
X2.Hydroxybutyric.acid/L.Serine	0.745802443812817	0.482022790596793	1.0151345207651	0.551894304961943	0.38114716077287	0.885399460555753	0.482994441193681	1.30348278326884	0.573477014832888	0.698188816155722	0.453745384654292	0.747933647933648	0.523065760443043	0.629173565675889	0.504989594994609	0.792649835035904	0.377146470417943	0.786350249110924	0.589538124626717	0.680457831023439	0.800990856435103	0.342665443112241	0.89203335749716	0.738699147381242	0.598679136563096	0.409676398806834	0.39804994644863	0.471027712101391	0.546930774432679	0.811199444824313	0.602113149553357	0.501022944760983	0.873186011352423	1.29110375105908	0.675276478381959	0.581745297144257	0.865680821297504	0.988644311869986
L.Serine/L.Serine	1	1	1	1	1	1	1	1	1	1	1	1	1	1	1	1	1	1	1	1	1	1	1	1	1	1	1	1	1	1	1	1	1	1	1	1	1	1
p.Cresol/L.Serine	1.97017236040871	2.01457360016735	5.03516059639493	2.37734998976039	2.16151712263248	2.53235258940318	2.01941896024465	4.65025236981411	3.35802025852294	3.22721827861579	2.41235727287771	3.46354546056553	2.82996587140087	2.56296247789929	2.27324161385067	3.55094846664559	2.77509950109311	3.0868956785393	2.30590213255464	2.21197518630632	1.9108922363847	1.75343520264809	3.2207658381765	4.3240360483687	2.26236976985696	3.57292077256602	1.75575399683134	2.97243155223994	2.14197592946462	2.61487597868281	2.39552124732498	2.51675998231914	2.2678281723919	3.05793928779918	3.05181315492011	3.02316615972271	2.50659491193738	3.46428880366771
Imidazole.4.acetaldehyde/L.Serine	1.90209999252672	1.35358883058471	2.35625520688698	1.52463882322038	0.970827694356727	1.67256497353661	1.26583855694213	2.20859992315531	1.7513774036803	1.32523524535658	1.3361938588451	1.35426322467052	1.2596441179617	1.7550334065737	1.17475635085477	2.03471920289855	1.81396797479022	1.67278143901778	1.12022938501088	1.54346117052009	1.08397147270516	0.854596957247641	1.9938504720592	2.75218732982392	1.15310669831134	1.71367804140278	1.00332515761576	1.11170438772909	1.02522424222975	1.54842794249425	1.48486965996707	1.64333646006205	1.76994219653179	2.07396409437908	2.15523193096009	1.56660313038378	1.99851773259896	1.99675918231677
X2.3.Butanediol/L.Serine	6.28599654235614	7.20114656031904	17.3736882518556	8.37561327561328	10.3062713797035	8.49638844301766	6.68099959530554	15.5906839622642	12.3733026947984	10.1764829322888	8.64835001853912	13.6525711302532	11.0277847152847	8.50847826086956	9.37259400892288	13.6712920698679	7.36243307555027	11.9869323327727	8.85457016649677	9.47296825950471	5.66457707170459	6.54822480954434	11.7830053532383	8.96087470449173	8.60305732484076	10.9430583501006	6.22075933864054	8.38869295714438	9.65151057401813	9.43689896711386	5.38308286818377	8.33740085417938	9.48780247885107	9.8823251975003	11.2266801528433	11.9698921719647	16.2402687967542	10.5196567726119
Pyrrole.2.carboxylic.acid/L.Serine	1.52907721884012	1.95262233035956	3.48026045939294	1.26106415799422	0.751875821451744	1.30395688991532	1.30031112161311	2.91482114314061	1.56752441358869	1.64114972869922	1.47581083988206	1.87634080717489	1.2823992390744	1.72600987828541	1.28180185834074	2.37212372092041	1.19435933315641	1.46665294685684	1.54049420666824	1.53008450704225	1.0805976017299	1.12586807700863	2.20946968090371	1.99444882925546	1.50907222023597	1.28437832093518	0.795611481679698	1.04128361258142	1.52806543419511	1.80099694120313	1.7030074166644	1.21356636649438	1.75611754424295	2.08791400421011	1.3932551360549	1.25264885619239	1.77359143715643	1.71571987547482
Histamine/L.Serine	2.83440365269683	2.39163907284768	2.70790282044122	2.5029862653356	1.5369677594885	1.63038540022331	1.59066820831527	3.72079082530078	2.64680122141953	2.19351969121283	2.10541233391103	1.62810894941634	1.47613475858956	1.74361830088653	1.71290127195639	2.49511823967833	2.75901465752661	1.85360729862751	1.44904246090883	2.09183568677792	0.515629763384377	1.90189120360706	3.09020802024836	2.91483389726238	1.96291236738846	1.80059592782652	1.05663615560641	1.70122889529465	1.93603417974668	2.3539149490642	2.30637061020254	1.92129239075418	2.69466949768118	2.36730312958988	2.60068730311629	2.26243349831926	2.65575368028198	2.32478715170279
X3.Furoic.acid/L.Serine	1.38341124035221	1.00827109653103	2.58704931778337	1.10177196928713	1.04737073860344	1.43965458625144	1.38484606996057	2.02067921990585	1.65225112974913	1.88642522788864	1.39499527517613	2.06470077372493	1.719591864552	1.48993109749134	1.3202377318514	1.87780982236155	1.88935959087093	1.57901285066639	1.31405375422319	1.76513789293529	1.23817925856405	0.818278159969824	1.78725983531564	2.03941138491338	1.28379431612965	1.58419504238152	1.19168279664496	1.25292108287575	1.4521796445293	1.2599584700493	1.52093265882981	1.39180297814263	2.04353905803089	1.8554587618025	1.52772680002447	1.26055538350366	1.80735148864117	1.53850586487732
Uracil/L.Serine	0.414491683675685	0.402959677531835	1.07936331255565	0.345713205097279	0.215698814904615	0.398460583021247	0.291374159985527	0.975643774052742	0.422469009001298	0.51311687029147	0.338172950339556	0.649920473184552	0.369928745868643	0.546046849058973	0.372873276434762	0.655799587193059	0.303294858599226	0.432986558989027	0.496046324814309	0.350384456600268	0.273361319812521	0.392778314250241	0.579700575701822	0.609602920600203	0.488223472087677	0.350395577775487	0.191041417225102	0.329217399328085	0.48921166273621	0.473038355104591	0.500109697673213	0.362290022906592	0.30594650147021	0.535115946470528	0.33059095677613	0.356036971163659	0.247938475594648	0.423902535406067
trans.1.2.Dihydrobenzene.1.2.diol/L.Serine	2.559876625989	1.47185287075246	7.32480846012733	2.63024810241305	3.42345276872964	2.80902155887231	2.17198960628885	5.39716688438929	4.16533052039381	3.65168172690763	2.54202449976023	5.2303	4.79583469099598	3.53974857556299	3.97900319281346	3.37819384916159	2.52049284659641	3.85210594154089	3.16472759952394	3.60183015781796	2.57520983798556	2.86389639781228	4.07345236543725	2.91662819329024	3.21912388579055	5.04424040066778	2.35141391150033	3.29539443301566	3.21603664368048	2.76774957345311	1.76190676953778	3.28390848793617	3.65449172128974	3.87560981248988	4.65602423677464	3.91647193585338	6.88602763292296	3.03059731611341
Creatinine/L.Serine	0.4484749525717	1.06825660935478	0.985152825752518	0.567771533657115	0.341765355354901	0.401520898126375	0.446985798800547	0.739690772118577	0.584454925797285	0.535969407491186	0.540647165175467	0.684388207738508	0.624023092468803	0.468747380145394	0.429870152648103	0.742568791569149	0.87222721426432	0.568306312606197	0.395623381237076	0.684056973263873	0.436642373453542	0.208158938460695	0.752208087254944	1.57525194805195	0.345207608123374	0.689472883547577	0.404420351398694	0.474392602441678	0.502576082938072	0.557416251165857	0.564939775866187	0.375412087912088	0.708983858163535	0.619485117485753	0.648727806423961	0.670539321435576	0.841001162157016	0.920905383860682
Dihydrouracil/L.Serine	1.85650027960806	1.35657604357421	2.34875432525952	1.47942447143385	1.07377399733891	1.45960292292844	1.42722832195038	2.25157318391989	1.49679066006267	1.71849935622571	1.43698711156017	1.342617311839	1.43116091758433	0.859612132393314	1.28847299617986	2.0061712407677	1.89630736229219	1.73476762910534	1.25254748904099	1.02065691236158	1.369712826263	1.23064455129937	2.22405965816101	2.62269503546099	1.44167876355563	1.79904733551652	1.20566127309412	1.39458816004548	1.05728847776803	1.66517230543626	1.61774497406385	1.65108017978831	2.04059914951234	1.96370707934537	1.74730195378776	1.45252944075314	2.28861650615541	1.95577151600983
Delta.Hexanolactone/L.Serine	2.90293882827054	7.02773047920214	13.754609929078	8.26411333380793	6.9176488596357	7.03188309531717	6.34281048890596	14.0513338293124	8.4462876699306	9.54049445865303	5.08892961556923	10.9558022622539	10.1517990573629	7.66079467606185	8.71081625399834	10.2329172740525	4.65710253998119	8.95919156754666	7.13827863912781	8.57291666666667	6.77735538888318	4.58355971425697	10.2249411148914	7.19045812387366	7.8282137475368	9.51154249737671	5.15180458118502	7.47766028389064	7.31208514534218	7.48535643657595	2.14465086044682	7.37930662058538	8.308467568266	9.8776664702416	9.76109048270471	8.31973914736227	9.92230226973429	11.231653734692
X3.Amino.2.piperidone/L.Serine	11.164790174002	17.2483582089552	26.6924891860008	17.7991413676786	15.9410934744268	18.6875551632833	13.8351141839514	30.3893805309735	19.4009171306911	20.15	12.9093424839495	18.7533166009322	18.8980312433126	16.5913522679101	16.914653784219	15.5681613417423	24.1487804878049	27.6228384019082	16.0205336284274	14.5170601336303	11.7898123324397	10.5649350649351	13.7702000176227	17.4273563218391	14.1967626655455	24.2690763052209	12.0982532751092	16.4935910905652	10.7203020134228	17.60119574845	15.6343683751091	20.1251840942563	16.7656874674083	32.2788368958213	24.4481155163975	21.6014657568865	32.2962682803833	18.4838461538462
L.Proline/L.Serine	0.260808973719626	0.271325400775725	0.442924072769034	0.309367971090194	0.262536307656559	0.227241505140919	0.197376876701847	0.363088347772116	0.289714643475539	0.350598617684767	0.228313514825705	0.24967062552509	0.247187630331886	0.170767995671789	0.268984540193302	0.316101796280791	0.304503739789391	0.259069835073571	0.265818652902594	0.243136541055421	0.187966432530241	0.23539502919444	0.376412951584505	0.255954109297662	0.240176396322706	0.369725562708615	0.183426022895526	0.273432846219497	0.289736578375756	0.32492080037607	0.327424961413204	0.296914178439663	0.191769954787837	0.293447054045348	0.307915899920782	0.266034030395175	0.120782440354671	0.382527492820346
Fumaric.acid/L.Serine	0.434915843135021	0.525960313125796	0.693548716691188	0.425094202129023	0.211101353686905	0.499899656470977	0.384705011913709	0.831124172940012	0.402378132593007	0.283527375769316	0.340068233510235	0.71283714717948	0.33679495515973	0.540743299253938	0.200808938193517	0.480948996064762	0.626923320458431	0.400247976014585	0.390940513552925	0.375124309392265	0.312840577648147	0.371403647510578	0.423839227598177	0.844800303111349	0.438296242934003	0.289241782027623	0.39284954657076	0.301048586287836	0.233556070564325	0.236861709735863	0.359537028539965	0.290161887612965	0.47826194749943	0.717817393873732	0.498033193903649	0.202394821086928	0.255115779745615	0.401649455586052
Alpha.ketoisovaleric.acid/L.Serine	1.8354366481575	2.15379454301476	4.66746888537441	2.33945305415046	1.90913315309226	2.06797870781853	2.14964679839839	4.14279447247203	2.4216773877017	2.84218649266415	2.32141008798121	3.26526407791235	3.10678979771328	2.4872267412303	2.50675030683213	3.05328186377785	3.28413161735438	2.49648352240576	2.14802664116852	2.89639359414159	2.01490622518175	1.52764830153248	3.54701650060147	3.10019220545536	1.93075647549889	3.47742966751918	1.87224696667179	1.99702327948098	2.52471648160588	2.54888568221902	2.00054253299079	2.1308280056136	3.526746864602	3.23823506684182	3.2034055926116	2.63915647770779	4.20453650210084	3.75042921804277
Caproic.acid/L.Serine	1.00498835173803	0.784697702210875	3.14429312581064	1.23427465657296	1.54818265903874	1.06024036054081	1.00789096126255	1.64553669222344	1.60945057333841	1.48722168837276	1.21092525101496	1.24857961327286	1.54716270432208	1.16156699807093	1.40543226866984	1.48786238963551	1.29499319870252	0.977866672295871	0.980125924310012	1.38844960976109	1.11610436195053	0.839896755162242	1.57347966169956	1.32398966083342	1.16399800065496	2.38111291099339	0.865400178898496	1.6063564178127	1.05324497634472	1.22718149817823	1.35550485993232	1.49628802312594	1.54942089283706	1.51064328328617	1.46085901054386	1.36899003811781	2.61487424465131	1.30103090550755
L.Aspartate.semialdehyde/L.Serine	2.53834646454573	2.67707561156412	4.89182761602767	2.75764918282022	1.94203085385243	3.20681560015146	2.78065521307057	4.50817519990452	3.88094614074171	2.61942743968311	2.02699226557748	4.48183376178235	3.08702415492712	4.3604055258467	2.37616339193382	4.06730159879773	2.95481676017667	3.94343236571039	2.58234897732678	3.96771365960555	2.04267178645527	2.07942304181121	4.02477529681424	7.20138690985086	2.34094769316094	2.39685337799127	2.20581210191083	2.85824047775107	2.39022109161648	3.6505465233765	3.05680986980056	2.38523302496073	2.85001329669356	4.63844152969174	3.14174738960876	3.34403974805368	2.29616549844935	4.23194786896795
L.Valine/L.Serine	0.163178601881909	0.126260816362206	0.245220513857981	0.150786888141863	0.127383526082434	0.125376386746449	0.0997787898110345	0.240084259843556	0.135883122146686	0.177126897335968	0.124312074760139	0.157037770972197	0.12666278930508	0.137358742191339	0.15938576392577	0.167754120237988	0.210552954036041	0.151786270147351	0.117560176338009	0.108522124117759	0.118282249952034	0.0952030661589839	0.228357087956888	0.2099739641037	0.140198712066796	0.168179822255756	0.10840647760318	0.166121345004487	0.155921391390927	0.176852752123136	0.162428419661597	0.166400393564634	0.0981247513894216	0.206872209291132	0.179879174207024	0.123860143832351	0.0973502242854559	0.224948511514698
Methylmalonic.acid/L.Serine	0.0550526582179914	0.0629893277228478	0.099067832107616	0.0695809057997075	0.0453251681904433	0.0424711199192822	0.0517965037065856	0.0840767984818875	0.093138411122957	0.0466666046511031	0.068902625995745	0.0520406112381373	0.0611781242509515	0.0592852566190181	0.0415947521189689	0.0736024068317639	0.100716745977332	0.0655422603862909	0.044690524250599	0.0618292900866499	0.0469024635809808	0.0269776993984558	0.057019888257394	0.0798601454588358	0.0508345847399897	0.0735057798273012	0.0408103824730485	0.0534722964959238	0.0345583884398991	0.0475385364348281	0.0615780568127958	0.0524596331472709	0.0747869278532128	0.0710838049665029	0.0683391790541904	0.0528363443730224	0.0637130839466527	0.0620536239998182
X2.Hydroxy.3.methylbutyric.acid/L.Serine	3.38052862265905	2.50333593276146	5.58996952977024	3.52652044474148	2.54007419064748	4.72137362024752	3.05731746840131	3.94159561147218	3.95145544708577	4.64653465346535	2.40128070500546	4.68203383761525	3.63814447854656	3.94069673781716	2.6711228975188	5.35516246692255	3.95123313911725	4.1332589783627	4.01414091623279	3.68924609463437	3.330337759378	2.2026883280147	5.32064551273322	6.48272618436805	3.32434161949299	3.76198381406931	2.23149300724903	3.62571019446626	3.07236968647817	4.65598641049672	3.69861639673127	3.87681570585565	3.17331797993091	6.52843121981617	3.49026938262115	3.35217067335974	2.20626636351109	4.73589814340337
L.Threonine/L.Serine	0.900583829686855	0.676414122494849	0.870455623805799	0.683828250637669	0.560755896914124	0.542014924417935	0.583332597192654	0.985505409847675	0.664305181186375	0.693106241067175	0.72522682188186	0.595814727057323	0.534673996621601	0.611508655709018	0.635220125786163	0.77871568919734	0.815192333025952	0.546580296513926	0.474065476666933	0.666516692162332	0.548917792146192	0.618706794692453	0.919650213026387	0.85117443636037	0.726078355481013	0.726574398161755	0.573607882626413	0.706749383227386	0.78535080387433	0.829519009006188	0.672405378299089	0.659463163685851	0.674373890061947	0.735767397354075	0.739897194323468	0.621144958288521	0.53476089879009	0.812691090126897
X3.Methylthiopropionic.acid/L.Serine	3.49615384615385	2.29402890265206	6.69748396645289	3.37970187492722	2.72099464145945	4.66674013665418	3.09965264739016	6.85215994195237	4.24838617128102	4.90866455226399	3.72859517871987	5.94825429318776	4.8833499225835	4.04328512396694	3.8887243494817	5.18375871140444	4.80258051998448	4.5448614177091	3.19147112134424	3.83710087595366	3.80415224913495	2.46368503596344	4.98097211155378	6.66335589346928	3.51941216321851	6.50951526032316	3.0117106433442	4.45704389302141	3.04716711178939	4.2634091396696	4.21546013920178	3.9353185116922	4.99342513978049	5.31532217148655	5.43380113141863	4.09078726968174	6.49660174477582	6.35284475465313
X4.Hydroxystyrene/L.Serine	1.69970838991163	1.62008635675433	2.91990364348088	1.45285474706515	1.63446654611212	1.48047407614586	1.49063205417607	2.8626890556151	2.16635375012192	2.2820862745098	1.80310456253189	2.19603644455641	1.43656209586244	1.43287570931723	1.71210357192754	2.55729735883424	2.53845759409291	2.14490438486827	1.5202730295782	1.8414754042784	1.14933876953635	1.62915280906913	2.61255809288174	2.21864848254266	1.6612712781659	3.66736345246123	1.17136872045201	1.41722488038278	2.17737868047983	1.74099789731908	1.76188200905028	2.37206637966949	1.33011101151486	2.51468690929821	2.03842386646533	1.56039723251611	1.90031600967316	2.64531683473513
Niacinamide/L.Serine	0.749896878867042	1.2604598403211	1.28856448612324	0.535400168802837	0.5327541288946	0.522764307935411	0.47316227312788	1.24338965197805	0.450608611857788	0.981587185922867	0.482801018401606	0.770147099966133	0.700121297646984	0.368957390648567	0.611764705882353	1.16816869913414	1.41160536070716	0.494307147277888	0.721640063360546	0.384481440584388	0.504177016853289	0.344364653412956	1.06642373621574	1.58218892181826	0.662663251989442	0.653540657782478	0.483738095238095	0.611554343591741	0.270577125046583	0.948668067026304	0.752564633568037	0.431004573411134	0.647044617520981	1.10044379086684	0.723415503157407	0.453182408610132	1.18917287927881	1.27832868725129
Nicotinic.acid/L.Serine	2.73883568277198	3.41581934263419	5.10023292508829	2.51116206628018	1.67288543401814	2.56580222976248	2.17299022672678	4.62835638018554	3.07938791071676	3.28011633936825	2.6300205218411	3.35254150374976	2.84098183982371	2.45832548206771	2.60377492120826	3.90130082148005	3.89925960932577	3.29728094526301	2.46976647206005	2.21504207049356	2.10263929618768	1.55274549234807	3.78975192181779	4.71449004975124	2.38047232992598	3.13451674255086	1.64692372125699	2.32820193391469	2.53533589936907	2.62784316318434	2.92481045141724	2.27121630156567	2.29759409242496	3.53480525505578	3.01897911692708	2.8167468529625	2.20554455445545	4.09171406191465
X2.Hydroxyethanesulfonate/L.Serine	0.341440510846089	0.227043041595612	1.20931765544272	0.284436669067886	0.215093118333817	0.196523046650207	0.222349799822888	0.548546368098516	0.370939492938929	0.26481450807005	0.33398436940665	0.271019659457163	0.370649167502592	0.411491352573201	0.239962925975967	0.333193410681389	0.48945068417306	0.295718093170973	0.328774554951363	0.24248349381939	0.377489355857712	0.212091585426036	0.81188437720793	0.553520057243827	0.223980737404524	0.47732598450075	0.183928059507823	0.292557929772381	0.308808034721752	0.254439006277189	0.281757625335982	0.306570227353288	1.1753387599922	0.696865386214351	0.371308565799989	0.280489725735212	0.504708728682659	0.517288888697532
D.1.Piperideine.2.carboxylic.acid/L.Serine	4.47730737656855	7.16720416770032	6.63010353584685	3.79378411059185	2.82774371167564	2.90658246962729	2.84916080597144	6.24599612604526	4.67465537198779	3.95872108843537	3.47972549604655	4.2647586431833	4.07477217672165	3.40161654788806	3.60855908912446	4.98564009232955	8.51479188166495	4.79638641540692	3.08412431651952	3.89497334894949	2.80518817775888	1.96777676990195	6.20273863861877	8.32608456891818	2.73616400615833	4.92591250792501	2.80182954858877	3.60622071120096	3.45162335908379	4.1566176855096	3.93151243375459	2.95038431643493	3.45424918525946	4.83526119941154	4.0545092945856	4.75876851130164	3.59663605986578	7.57152760272246
Dihydrothymine/L.Serine	0.186191912566174	0.09525866332553	0.204198341240069	0.137381182307051	0.0977321335504534	0.172310521904018	0.113979021715304	0.227842058642071	0.167858188722735	0.112788798259671	0.113220827358698	0.116630876643721	0.107338764863679	0.163861605834527	0.10627614337046	0.207038266959021	0.160144018011956	0.166673862749119	0.103901768790156	0.14441194012391	0.0954510134181864	0.0748108626502384	0.18522583428547	0.244218223990464	0.104935710678631	0.152088500871083	0.0871199018898777	0.0991619123658984	0.0832139470914907	0.145268498262889	0.133281454644418	0.166917072813221	0.169159106334544	0.201953706693397	0.219989429408267	0.157691512991374	0.232114833298902	0.175165550362009
Pyroglutamic.acid/L.Serine	0.09468867421471	0.103970835912421	0.103939595321731	0.0762402020182119	0.0445751439299865	0.0825131575614328	0.0616427103189346	0.0941397374377933	0.0796017872357963	0.0583908413196989	0.0744378212529768	0.0645273121166212	0.0571707778768275	0.074721980927653	0.0586849832432376	0.103982269137495	0.121383980894375	0.0840238049460017	0.0490991486642107	0.063875574454474	0.0460818161114503	0.0422269927959393	0.0969650566422658	0.127122083079008	0.0587676834303745	0.0763375600389639	0.050389176632041	0.0531245431558657	0.0420067073455361	0.0697557884834103	0.0881090209632453	0.0728035077811579	0.085882190573287	0.0787361556234978	0.0883920947497423	0.0810901063372605	0.0612474029374003	0.119006229390958
Pipecolic.acid/L.Serine	4.08736149028425	3.17344024604569	4.49113404790261	2.83420005371225	2.91548932326947	2.12207466800301	2.78675725860905	3.4336878465594	4.40052005943536	4.2247357416657	2.66823007229798	4.22992317023858	4.20386061788927	3.46516157591855	2.90865936152538	3.98271337895819	3.93177666587245	4.22505472455308	2.32453792906587	4.32410773517315	2.91308956014838	1.45746552772179	4.79939807137154	4.49185281744386	2.94779572239197	4.46637102734664	2.0781111489942	3.08481037531932	3.25536251082692	3.53621318622653	3.31821189423815	3.43358962761948	3.63575709600814	4.66334677980248	4.13969582694459	3.80438846359267	2.83962577870397	5.16375123565565
Heptanoic.acid/L.Serine	2.55756154747948	2.79491148302215	8.03016680468473	3.41399288298091	3.35384044526902	3.25588190066123	2.83083979937412	5.81957038471696	3.71144808571966	4.75465716713511	3.57049260631295	4.59644960014061	5.11514958440731	3.32249575551783	4.24502049535246	5.06809105881822	4.7143129225788	4.51518105170817	3.42476015245104	3.4930440933742	3.20852181526339	2.23390379051635	4.57180469824182	4.54735768700138	3.43265223137135	5.97396748681898	2.69897710667316	4.45755011641774	2.95924227687462	3.60207549734898	3.85191102371881	4.1914606465861	4.45078676572378	4.60454895066476	5.39972972972973	3.7023866245073	4.41298880275624	5.53561555473645
Hydroxyproline/L.Serine	2.3268627152217	2.17323604633669	3.54533584038441	2.92710355783051	1.72505534773647	1.6057790754996	2.15048685967369	2.45826166990508	2.96416834870803	2.21769485221262	2.06650128466377	1.60962023758232	2.05504683227646	2.09120538576619	1.64000535308025	3.20743913757407	3.221304008329	2.05521417955145	1.66309273086987	2.22277693661251	1.62564999876777	1.96007228293606	2.98456896222451	1.7376226276703	1.68641062777806	2.90559888877017	1.47656193221735	1.55687565702045	2.13796218838882	2.78980064579531	2.6086015688396	1.82897448938619	2.1830341986737	3.29754293470777	2.78561668665124	2.56057156551435	1.92037361879488	2.84057594098733
Creatine/L.Serine	3.15559780138034	1.40883600721705	4.22159338267305	2.9018598140186	2.40171121857894	2.19762312522705	1.93543187080512	3.07863729508197	2.91917333377142	2.56091464380644	1.59303628018796	4.36258236716991	2.29270730567527	2.37263579049467	2.37485869319466	3.81419159846504	2.91205882352941	2.33303115005918	0.980081689144972	3.39459211732356	2.36701593225205	0.529622395833333	2.14173336256989	4.71478325766528	2.65422103442855	3.41798642533937	1.17396328896936	2.85491379937441	2.15084494714872	2.79883802816901	3.44703197602486	2.19271501925546	2.76179704501203	4.02564903095656	2.89240524654718	2.95921758698286	3.42396214814617	2.27840779792157
L.Leucine/L.Serine	0.0590613578790633	0.037027258757624	0.100517700438624	0.0472822655864971	0.047168462372628	0.0499686707550053	0.0345486621581888	0.0865350598586145	0.0440602486266274	0.0661868205959239	0.0398339735911169	0.0612529790311342	0.0447267799762313	0.0561330591147559	0.0589894108199133	0.0587580744517089	0.0603467821957184	0.0558248302906359	0.0470400968131729	0.0352356742768377	0.0413692154185682	0.0388781026912393	0.0856720114596279	0.0813485952937162	0.0525476269767413	0.0612954232705544	0.0351627671922631	0.0579989965648232	0.0622870529147003	0.0669176559331152	0.0610027807715607	0.0660464630705298	0.0272373463940513	0.0746224670501724	0.0653611663266495	0.0469858828521894	0.0345939951585098	0.080698570403785
Ethylmalonic.acid/L.Serine	0.500547379461798	1.15934991974318	1.57331262748007	0.818111984213679	0.52764740221833	0.704182256589341	0.579442450619938	1.47859151936745	0.965738571824541	0.750670780788838	0.664889796011448	1.09116892328876	0.841814022210571	0.651773522064946	0.739725751768126	1.04656190161154	0.745725691044664	0.776282604506188	0.0143905813289014	0.891369869757621	0.719942373177333	0.614815714536351	0.185548454198224	1.32660775220929	0.731512873560728	1.17059469232259	0.622406257658688	0.615843899071052	0.737564500675309	0.802493690055528	0.9659083029654	0.551960641752702	1.02264703075798	1.13212032797071	1.116931471315	0.960642398768249	0.623734508534002	1.10800118044156
L.Asparagine/L.Serine	1.69967055471463	1.14175624407208	1.80812977810927	1.14183699565243	1.05806194835296	0.917096201325421	0.983395383469844	1.75137934917239	1.14923133638169	1.22486213428752	1.0322720553741	0.852715326801115	0.975257037470597	0.941996197261065	1.02251456702221	1.45934761282946	1.02747971191964	1.01819960215846	0.229119920657809	1.22571570412047	0.893336944745395	0.871551559211785	1.1886066321874	1.57840054966791	1.08971504179172	1.48254054790786	0.955794260624118	1.03618386313233	1.20371137905049	1.30797584374126	1.25115513197944	1.08340600967256	1.44909181051967	1.27321615750376	1.84953065116365	1.09671666303134	1.59435136548084	1.31225697933505
X2.Hydroxy.3.methylpentanoic.acid/L.Serine	2.91869576851038	3.82712942111538	7.381361461505	3.83933059928562	3.58902477763659	3.68162058772387	2.72062458800264	6.52529490153497	5.07534774785068	5.62796905222437	3.13073474537596	4.95293560606061	4.24968119150165	4.42298564809583	5.23368211260588	5.2765432678756	5.16915526782917	4.17931252255503	3.24197561582483	3.08981967803713	3.38138199712938	3.06382406348779	5.57637823371989	4.94191655801825	4.71441535776614	5.90457062208229	1.8752999815396	4.42313760847515	3.86761501210654	5.89666172106825	5.05084199500443	5.13181613339342	1.46391549167514	6.13355775915694	5.80042968296365	4.59405568096313	4.02182240643055	6.56458310567151
L.Aspartic.acid/L.Serine	0.548956453595796	0.313991653262618	0.478570471738686	0.455855961987787	0.340639627348855	0.377092683621856	0.302320683798248	0.51584697321446	0.387318893492917	0.28348317803265	0.291842045994845	0.388921937508365	0.305620252288419	0.426964698695292	0.215242751130692	0.471368467438176	0.491281868071889	0.451641366131407	0.249100012809164	0.320874126700325	0.214163268486533	0.194839465726884	0.364813319078011	0.553386718835544	0.260225569414421	0.250317574284767	0.307122917695432	0.287568601302784	0.203322895584323	0.236112390056112	0.305991350274819	0.241516436903499	0.33375895359701	0.323671562881964	0.309559962813759	0.400010295432104	0.382621086025296	0.368248120369888
L.Malic.acid/L.Serine	0.169438268070886	0.121605353986026	0.104753321429839	0.0778147570928226	0.0838183308666155	0.0942251336743708	0.0616207368920044	0.190298324855415	0.109850320723644	0.0437182723765295	0.0737262602112226	0.148068147074477	0.0682902555283011	0.117531710949887	0.0362287206523614	0.0758156323988275	0.176921729869591	0.120503882522794	0.0843692653570258	0.0583545181832799	0.0515227421308783	0.0592173164764943	0.114512195836826	0.175633003037303	0.0682300833099279	0.0569160653644702	0.057423800479356	0.0564712467373256	0.0358897619838035	0.0457707002334975	0.0558499643620813	0.0465282724374209	0.0718710786958245	0.120180818991013	0.0964845602488827	0.0723134867524961	0.0947454225771447	0.0916944216333047
Deoxyribose/L.Serine	5.51585638951094	6.65231406861616	10.8346368715084	7.3789727943046	5.15901826484018	4.2051638530288	6.28306374881066	8.80776789580627	8.94773150712523	7.44615620841437	6.98801605848163	7.66007615700059	7.03781479120178	5.03071979434447	6.25716960258701	8.62579678980109	11.6812175554507	6.87802524127691	4.68030460864255	7.87179363315782	5.57882273342355	5.30522883428438	8.95781267912415	8.05364920854138	5.52380173400949	8.67831498324557	5.14658448028371	5.75166703304756	4.98035700366357	7.80049067713445	6.57809958549766	6.84893744987971	8.77483624454148	9.04511115907619	8.14073832613479	5.57434459371332	10.038952895995	10.5076963442365
Adenine/L.Serine	0.0654072792966893	0.0394943152846869	0.0560230169846	0.0196915867938841	0.00830250947312418	0.0132082604497034	0.00997891334038741	0.0524200702864847	0.0324198493922818	0.0201409421552385	0.0144506926476713	0.0367279325536878	0.0167952517119658	0.00703408003600161	0.0119978702507546	0.0345417584800169	0.0124733204984491	0.0251882519167752	0.0180433375223733	0.00701925567822092	0.0077353080860495	0.0104970208977262	0.0365056191061288	0.0388666636930534	0.0205386069791849	0.0100429457017644	0.00710116542251707	0.0131293645439748	0.00815555717237937	0.0165839316521779	0.0177752295203898	0.0109161148696417	0.0141508126010937	0.0212620680793601	0.0104791838793342	0.027174764859138	0.0230598462844945	0.0333702462779447
X.R..Amphetamine/L.Serine	64.4354430379747	47.440065681445	77.576	20.0390126014155	7.58653684740641	11.4263356718834	8.07076509410902	64.7924528301887	37.197613564999	20.0004124278251	11.8326907467532	49.5293560606061	17.2447764108573	3.46209641751437	11.8996601391811	37.4325945675721	9.43671368661838	31.1313844086022	21.4724785761371	3.04444652031761	5.29193742478941	11.5859613428281	42.4899401848831	38.9763496143959	24.0505698005698	5.52769590405529	4.44216893812404	11.4387933547071	6.02877901490847	15.9837120450432	17.2546105147261	9.15148673988749	10.6979813664596	18.8978579481398	4.79319610383379	25.6687687687688	21.5272268907563	28.2760649564603
X2.Methylerythritol/L.Serine	12.3154838709677	13.9368065605403	19.6693711967546	9.67947969648962	5.2690917570246	7.13736726782404	5.57069343681458	19.2429954151808	9.77678129298487	10.7454760322033	7.0292929901754	11.3801131418625	8.87542713567839	4.5521051407304	5.53799804172629	14.6751812896061	7.28979531733176	9.62166372416658	8.38827013455224	4.62819165554262	4.47820773930754	5.28369287868244	13.3765300008559	13.6494418437162	7.96297606414338	5.70692549842602	4.03675740115239	5.75588472537948	4.82867291414752	10.0210539586485	8.10367784887855	6.81002691119306	8.40915431560593	10.6848546659867	5.50992829564258	9.52283868092692	11.2268384608642	13.6808244135732
Tyramine/L.Serine	10.6776674590966	14.4962368289012	20.8858461538462	10.8491588785047	9.01156530408774	11.7562465297057	8.52834818545783	18.382786429366	14.6587196832206	16.861729253593	10.305116196872	15.8686286407767	14.3419407226959	11.9911151960784	13.7899474868717	13.6141212121212	16.8901398839986	13.2032207496081	9.85962920923193	10.4753149910003	9.61995041563366	5.34193245778612	14.0147072011479	14.3468962906889	9.25757368060315	15.9305799648506	8.46071626873959	11.9526419978681	13.4003775167785	10.414963312369	9.30888030888031	11.5982006450518	9.03879673882485	6.71247797533237	2.43106763038135	14.9513730977786	1.57970228037936	15.3756078832864
X3.4.Dihydroxybenzylamine/L.Serine	2.69837791992084	2.01302954292085	4.56636394214598	2.06775796654851	1.78191782982415	2.20242367504031	2.15624489795918	3.73651188423819	2.42998974358974	2.68092359857001	2.48477681900501	2.77204791180835	2.67863263418111	1.77969261549654	2.04653751948341	3.12711250939666	2.20227768139152	3.24985968850849	1.85041327008833	2.03443281979575	1.66921402905005	1.34015826787868	3.51107616266008	4.44653645375095	1.87308279018167	2.55194256756757	1.22842977205393	2.35728872604961	1.73095470307759	2.61504803263587	2.55652528548124	2.1612944042008	2.03500221533008	2.31020700680835	2.75846357762191	2.68584446190102	2.42231173644994	3.11547038688933
O.Phosphoethanolamine/L.Serine	0.978872878313933	0.570765340392746	1.59332895169241	0.817288331291626	0.624333434642058	0.807036267652608	0.752621381354	1.56175727077279	1.22015916940761	0.769967239490439	0.697259938179709	0.999407650857951	1.11675887578641	1.10872213251749	0.573612931411097	1.06272264931993	0.976295186068985	1.18151095467646	0.674914790680328	0.958023210695263	0.660710350768245	0.669645744524474	1.05249759231697	1.48339692789355	0.646493461737283	1.03964597709938	0.671628962766251	0.87154404743399	0.703071184127997	0.935691583284285	0.823878086125659	0.494238406284586	0.980412685505184	1.21833934178393	1.09027110800664	1.08324884675825	1.03335135091527	0.960729593142272
L.Histidinol/L.Serine	23.0265379975875	20.9811183732752	26.7029897718332	19.3219041278296	20.1844573470299	10.1378980129279	13.2627033540872	26.4444444444444	31.95342564287	13.7105833568938	19.9799554565702	25.6010768477729	24.4255289724796	18.3235018726592	13.1841491841492	28.5393215601575	32.3562091503268	23.1675418854714	6.0349698934692	18.1261401557286	11.8789843327931	4.80802110817942	23.3774121166791	42.2805354155047	11.8314646110722	37.1495901639344	8.37354032147273	18.6134692909651	10.8995223473217	24.3974831184776	15.6930779822256	11.8414211438475	15.4572115384615	25.5797344727606	28.8297258297258	28.7317647058824	35.4615171650055	32.6303639326453
cis.cis.Muconic.acid/L.Serine	0.118789515607109	0.0814595099064757	0.236253715447211	0.115980573658544	0.0882820619007806	0.142670395202318	0.111064204814941	0.219663167303984	0.133132091417474	0.172884707481732	0.126367857317001	0.184323206123549	0.169753291101891	0.138266153248313	0.137477656702241	0.164937500367127	0.195279833378039	0.160520265365137	0.113680186083196	0.140606799006673	0.137757051893836	0.0777245654054368	0.159167689401077	0.219104955577264	0.108925630765112	0.187921109552406	0.107701169938879	0.157861182395199	0.118056710383846	0.134524450221198	0.141841500280579	0.132820260605695	0.17896266114488	0.159596761677887	0.185488468130224	0.140170808421039	0.223148861145858	0.223230709202728
X2.Octenoic.acid/L.Serine	2.16	2.1310761967987	7.87642144349037	2.86632098765432	3.91858146189196	2.65442236569924	2.19867483518679	4.91922161035868	4.31283221281037	3.7495618556701	2.67079650070993	5.59510055626872	4.91857194575176	3.68540489642185	3.44167758846658	3.93010479906223	3.18319187242798	4.59695345837055	2.86576782650772	3.35648520051906	2.40209752011944	2.42087363162929	3.9910616237199	3.93098262898626	3.1332467291454	4.87338709677419	2.09158916989808	4.30310838221589	2.89043202895273	3.09492660514737	3.05703347882275	3.90920013731548	3.80335173501577	4.62041401361669	4.70714353029875	3.69135429262394	7.11792164490136	4.17518070614401
Vinylacetylglycine/L.Serine	3.2381679389313	3.8847653623773	2.39136868064118	1.28427923442859	1.42456815029631	2.37725256834896	1.31703863260137	3.33865326582406	2.07309191030637	2.43148429796266	1.04788218592197	2.9889136522087	1.72234195052025	0.640981968850821	1.53750287518558	3.01088369724021	3.85673106886881	2.51402908933029	1.30274156135018	1.97728513705362	1.58658841639407	1.55110657133129	2.93904801308935	4.17197732650927	2.15563854575633	2.67995466640386	1.63763131733792	2.14866825435931	2.24722144063028	1.84544483655275	2.66391857722627	2.02378484049643	2.01405303821257	3.27166975700205	2.99562179506402	2.645855259085	1.08161490263633	4.474340831223
X3.Hexenedioic.acid/L.Serine	0.465670549490761	0.353726921004946	0.668541262446692	0.390451781293725	0.313820663986279	0.430682546301476	0.468652415829217	0.728797675944148	0.419824928234752	0.473523524338047	0.425814766943428	0.547870446022668	0.403944277869642	0.383332353920589	0.370746858675702	0.549706099715644	0.831723257337746	0.40966876113747	0.409403122014982	0.544455841521966	0.365621674352607	0.375967648757943	0.66644207150655	0.783102287048323	0.394059983662038	0.653007071931994	0.370007709632184	0.329260210074164	0.426211901887145	0.524611262176932	0.407963242567814	0.424070706381077	0.711714703147828	0.648687138406765	0.5716811930937	0.389420404741729	0.814481565794661	0.634814540843284
X4.Hydroxycyclohexylcarboxylic.acid/L.Serine	1.70960302711417	1.98059916363886	7.07884033788716	3.30155570091863	3.5183339820942	3.87074954296161	2.85075979968917	5.78557206310308	3.98897768598752	4.947896473149	2.41790890054527	5.78957272526013	5.23166469194313	4.68001913189047	4.82498851630684	3.45828650604264	2.28039062140126	5.13166057383405	3.45821057939857	4.0135464643728	2.84033758181192	2.87003087003087	4.62401988342161	3.20450606585789	3.60469709100614	5.81181876469331	2.15885665710339	4.17449343189917	3.59171398054978	3.62871490527277	1.39204778877008	3.80492287130367	3.67398011655811	4.38760339231494	5.57916783021502	3.36192723697148	6.54674163046256	4.60519759285523
Caprylic.acid/L.Serine	0.975234689316048	1.04643413379695	3.40160360811827	1.67032619174377	1.62816586806932	1.49833698959734	1.38988865736356	2.73968543423752	1.69774707635863	2.21556712962963	1.72861885987016	1.36922432524412	2.13480552130926	1.0675631444002	1.93632317699418	2.29287537001123	2.36560424332202	1.73994779048585	1.53066738719265	1.52770329814561	1.53572509487114	0.903709581432256	2.02947898810451	1.74779822013188	1.60500986287045	3.59274673008323	1.28331403305611	1.99687086598148	1.19256756756757	1.85860593448219	1.91744283857154	2.03336110945777	1.9692323397305	2.56950150223803	2.76985997504506	1.6375217916052	3.81916035541773	3.04519186901201
X0/L.Serine	16.7190716006131	18.0006230529595	32.0486307837583	14.2227395246263	21.0395716945996	11.8982860354032	14.7465386333184	26.0100334448161	14.5233346955456	25.4296451669289	15.3734510941208	17.3360954590653	21.9377717053782	11.9947900704873	16.6767974597414	24.6335124465402	27.7961819202695	19.0710168793742	14.3071263862963	11.999558173785	11.8682979489025	9.35249435434202	26.8472771001546	22.7859933874361	17.7487516425756	32.5865787896944	11.6786740754934	15.4635539795114	13.9079233783195	23.5377554042049	20.1433161953728	16.4876930501931	9.92314814814815	30.7792875504958	28.2189265536723	17.7154404145078	14.2097847792323	28.5109159943047
X2.Keto.glutaramic.acid/L.Serine	16.4808979063242	15.1261780104712	14.2095457400042	8.26293686383373	7.57128497235718	8.11381490707032	5.40340397676131	15.2984262902106	10.8541323071285	9.29069544670796	8.79244571773221	9.27358156028369	10.9539196229224	12.4686205798025	9.02516263655333	14.8468605419696	15.9951534733441	10.7155910247513	6.66027705362163	11.3485618775681	5.01208114884887	3.84211857974192	16.3933703975663	19.0140456483572	7.0731043150398	8.21804170444243	4.10776384957541	7.48051081673497	7.96372927832482	10.2669852751227	9.25596160944998	7.03946012775603	8.33215272978576	9.59441359967947	7.36417250276447	14.0218175853018	3.63904199102222	17.1955059396021
Allysine/L.Serine	0.548408411859343	1.51898002103049	1.58866758723992	0.60508415384856	0.445093365899779	0.670254356669146	0.517057777986579	1.24773733236441	1.03732049036778	0.878785865297493	0.69399450150554	0.510258236344302	0.826011111942532	0.825874111118145	0.936244986311836	1.03286188536274	0.941625137900864	0.319051046376682	0.689807608822253	1.03183769613617	0.610184542805606	0.394762610375993	0.544689660941334	0.586452845660532	1.03199877750611	0.683631655689074	0.774708932838477	0.469343458502751	0.835060708637748	0.943185998220113	1.12078382993179	0.735151710781149	1.08167545138499	1.06982206223992	1.14515149083489	0.736527823254692	0.81418646190225	1.93813518309405
X3.Dehydroxycarnitine/L.Serine	8.70749230242901	3.96582017844887	6.37241832519715	5.84963466868229	3.0032562466773	3.33406818360759	2.97629242349123	10.1084945332212	6.16112478762872	6.49072008566075	7.74337693380254	6.92938526762056	5.47814894078968	6.29143224561968	4.19082359646623	5.88029109185623	5.36290759397682	2.9580779054917	0.89614498435297	3.86825238570004	5.83855549654806	1.7205876798731	8.1790966661433	10.6368738599691	6.99109730848861	14.1485431841831	3.84597425542655	4.60747828128669	5.71238265534198	6.3927135274248	13.304892284835	2.80238710471269	10.3846899224806	10.023560365963	1.08302525017076	3.64958797660219	11.4814449623521	7.74479468832592
Oxoglutaric.acid/L.Serine	0.667832840624836	0.780858942133571	3.21138288309599	1.89723307238466	1.1700756006628	1.17578786616687	1.86782259433162	2.26822217456573	3.57920074124804	1.28424388478412	0.839938925579955	1.23487191594853	1.18085056595196	1.37857067380508	0.689348696361437	1.7995834167835	0.741115003443217	1.28932463086408	0.633749039368853	1.84547956375497	0.93156333851151	2.04553006151497	1.21051897753679	1.21877461777142	1.31686295920755	1.07957838739132	3.94402743626246	1.14698833912967	1.1610787039561	1.07397449062314	1.44662781976576	0.8741571883676	4.28832473768451	4.48180529932355	2.04476603758136	1.45631580740791	1.14188032664123	0.628255140245561
Coumarin/L.Serine	6.74165636588381	6.13397027600849	17.3028294672445	6.66318447939387	5.81559644833355	8.32926829268293	6.30887551351868	14.3814859131948	9.95702118121708	8.7162542687676	6.36449465182275	9.49754857454149	8.47672297945863	8.26589229144667	7.07408120069271	10.8272521328385	6.0071593253246	8.78920406033583	5.94384380274623	8.71691451802717	6.46072477962782	5.40724035608309	9.52101864262215	10.8827160493827	7.32234630814269	7.81422413793103	5.3484555984556	7.40081086177635	6.35751243781095	7.44888014244213	8.42723667406063	7.10165263486124	9.55926660059465	12.3325485579753	10.06701602338	8.51534170153417	11.8074299410029	8.14763325647633
L.Glutamine/L.Serine	0.02504710519548	0.0133375743720616	0.0249872540303952	0.0180508401572494	0.0118612813007857	0.0234808766652342	0.0144898152189249	0.0303517347521612	0.0212729405437994	0.0137167494953438	0.0143999990122018	0.0141948160682615	0.0133461398726782	0.02263699374893	0.0137679219103722	0.0260049566547396	0.0197839728439446	0.0213214723960266	0.013484041650419	0.0187404754547199	0.0120747284449147	0.00934689696193021	0.0235946095863462	0.0314094758347693	0.0132393077308822	0.0183137676013298	0.011000275949893	0.0122815757743794	0.0104121156200638	0.0182492795521377	0.0172044250222479	0.0218549642835666	0.0209503631934963	0.0248900155436383	0.0279897113749268	0.020730149845343	0.0302468568767576	0.0220038573826975
L.Lysine/L.Serine	0.152382244822205	0.0952822254835678	0.153982437395508	0.0972176161811062	0.101460630769783	0.0766293647576582	0.090423725564301	0.140287527409648	0.14068553051302	0.109752104770814	0.109595104339148	0.0725622292945913	0.0963498863413817	0.0788025095032537	0.0667888088233023	0.128476829524969	0.0972709892541149	0.108847030018786	0.0787783625080414	0.0922526125332529	0.0791935141131428	0.077789199397576	0.192995368941031	0.131553922027981	0.0967081371504508	0.0952441828494975	0.0797902839414052	0.100741058273311	0.0982064220818046	0.145175901607607	0.0920201315139518	0.0812800673794807	0.123614427258152	0.122650869701378	0.152968721766747	0.109577608873175	0.111358212523637	0.104305029595559
Indole.5.6.quinone/L.Serine	0.321135219477728	0.214924418258644	0.692847883557379	0.335478613187836	0.253851900533059	0.425190525438535	0.303056031060547	0.637938854683368	0.383699161097375	0.490510628972167	0.334043680630147	0.513438960223034	0.453695664459252	0.364144693995274	0.371567468138221	0.490504691427037	0.47467686879147	0.45047528748207	0.315739605395162	0.375028480291638	0.33681738109219	0.21651988346063	0.434862941845937	0.602418925469442	0.322601293577018	0.564672536234893	0.282316485715344	0.414918304022159	0.307005194193651	0.375855269690708	0.381090758764917	0.378295028597056	0.470552937388403	0.502860434210013	0.509125473347298	0.375772629357717	0.648732285937136	0.571471380054985
L.Glutamic.acid/L.Serine	0.169841915959882	0.109610401435623	0.186307257801114	0.117232297404016	0.0496684775022997	0.102324817139032	0.0737194407883353	0.177622200994993	0.0858864243836186	0.0650595599313284	0.0835562134289765	0.128406063953845	0.0687743003163787	0.108145970395873	0.0686540434904803	0.129058186004932	0.155784365864327	0.128878836060534	0.0400724345507148	0.105674644220138	0.0776679367202475	0.0425238774428174	0.118563173175915	0.132374691147839	0.0918516261793592	0.0710384940419201	0.0873496306869481	0.0813641791539858	0.0775294164756532	0.0830579954566638	0.118790529503394	0.0732384975630044	0.105273210683944	0.114956544281079	0.11764421853949	0.109105692509762	0.0681351884014799	0.131996286591629
D.2.Hydroxyglutaric.acid/L.Serine	0.700077016173396	0.444217226851994	1.64069902349415	0.558202381181358	0.400952854126373	0.723751901416876	0.797062089609888	1.31411333207431	1.04894275156137	0.550817425280742	0.505277067718036	0.658006969693157	1.0059976761141	0.547375634588758	0.567048153746491	0.826303185912975	0.494807544303291	0.891934303758472	0.469749901756132	0.779796142987032	0.761471596615374	0.837118706357957	0.701694991356667	0.926681090860195	0.851036481633167	0.77603698471812	0.885838444321716	0.357537191739016	0.53087999468231	0.705929892805442	0.572069996121466	0.888145066943975	0.926310431592494	1.04117519177614	0.521261108009246	0.761257169320651	0.561373905954849	0.585034377982509
Mevalonic.acid/L.Serine	1.74456223725096	1.49207250942519	2.84894652900193	1.83546785567467	1.22454343467187	1.78246411583954	1.43719938189653	2.85376014505267	2.00389065566006	1.5599219411771	1.50409481924759	1.68371748647953	1.51387698426304	1.78504971266989	1.45493400874607	2.42896378715628	2.06666944977874	1.86318753142283	1.33354144064848	1.74489500904817	1.261020837316	1.07412996321796	2.45299722174261	2.58636689297533	1.4553486768382	1.93548042704626	1.1453940692299	1.35949218005785	1.14076309164599	1.98951267739594	1.74559327225641	1.94547266514806	1.96465963254165	2.47836179492866	2.32151986985824	1.67480455355918	0.684378973915088	2.25362019807923
L.Methionine/L.Serine	2.18372132929131	1.64032248907057	3.787890625	1.46612106745475	1.87928310046574	1.39081026045259	1.63631182475964	2.62867084203201	1.715150286674	2.07883343097609	1.53576601964761	1.57567632704706	1.61437777066862	1.53209895874109	1.75992723617128	2.1276295475426	1.4811213499282	1.55874287060249	1.22772715708538	1.29703269763444	1.37025342750312	1.44548800609214	2.60611012907314	2.82353160266677	1.84908140076116	4.03404539385848	1.27326091497807	1.8075532527346	1.69977919072069	2.25086368012686	2.14954136305186	1.9012438433926	1.17222478792445	2.12152738226323	2.36303638170034	1.76978342788521	1.01049251717854	2.20672238038387
Tartaric.acid/L.Serine	10.35054900366	4.11963496363896	16.6370098039216	8.97595298847908	8.13262551736548	11.0592844084617	9.05333150534686	17.2822222222222	8.80714710547185	13.3851320268654	10.2426664324609	15.6736589751274	10.2674688989652	6.69386009919617	7.14557823129252	13.2848187355846	15.7910685805423	12.8480099847455	9.00200359264889	9.26032846507927	8.48848282074379	8.27989821882952	13.3834032713882	13.3701940035273	7.91074147827106	15.3679005368748	7.70361476238625	8.82340377697842	8.52474983322215	11.374785346308	6.20745655295341	9.2845495311863	11.3340775558167	11.1385474117882	12.8846897974977	9.85325648414986	11.0830665397595	13.4873147732375
D.Ribose/L.Serine	1.57578008915305	1.6353087677591	2.35690972222222	1.32741015173865	0.970160788270399	0.60919854411532	1.40177889105884	1.9778590609549	1.39636475081333	1.29662837229615	1.39827348480307	1.03068222125882	0.98808951048951	0.962686934277843	1.16937561627278	1.37031501634864	2.39143036568282	1.04691790496638	0.58890661652708	1.58094184760463	0.92320611328043	1.11468350094203	1.86942115147673	0.578928879623054	1.3272148416005	1.67933675044772	1.05544684756446	0.706316926122559	1.22805028061813	1.23908028059236	1.41297659164422	1.21830533861132	1.71411053847521	1.9117700729927	1.41250247447753	1.17307111684462	0.666144860906694	1.78797845109828
X.....S..Carvone/L.Serine	3.58680947012401	3.09723413379074	9.04570895522388	2.89296483664366	3.78976939203354	3.61807928913192	2.4729431150058	7.27302233469029	4.77194725676075	4.46581944316542	3.61162553033353	5.97885230909922	4.47356956510727	3.36072471234759	3.83597662771285	5.57609532083902	4.97337753666868	4.82511327535024	3.29069326935219	3.659667168235	2.68419125127162	2.48627408175517	5.07511447406878	6.60702457730521	3.52842215256008	5.80499519692603	2.53899025243689	3.79651753325272	3.119775390625	3.2062845387439	3.52703539076127	3.45809292438506	3.83923098356088	5.00414962533958	4.83565688837254	5.39457242032187	7.20561431143114	5.94688907587982
Acetaminophen/L.Serine	2.77547162953001	2.57151757899421	5.79865026482146	3.01013872682484	2.17430839547751	2.96395324420802	2.74095135314627	4.70335651648019	3.43162549970066	3.75701779304289	3.12193489666988	3.85402696927271	3.67776528402465	2.93044324648098	2.74112734864301	3.98879536898927	5.09835221421215	3.45826801045166	2.55105237395986	3.04974547087887	2.61928208386277	1.71585687382298	4.21143688692465	4.81388112776226	2.37921437378897	4.54854896713222	2.33108960875053	3.08699414008731	2.60320241199478	3.15888407582562	3.01324296392434	2.68752704244188	3.92085365853659	4.09878716744914	2.61341042277103	3.27360116426027	3.71255905625924	4.51706895255282
Xanthine/L.Serine	0.0664374240836967	0.0600715677325587	0.113276849829198	0.0341307243848305	0.0287162849096695	0.0622290539408599	0.0503498604294397	0.140915912395066	0.03921146758836	0.0710563975325164	0.0436925267170568	0.0658371410948731	0.0443719292233801	0.0858946194885255	0.0522571094131452	0.0817187222611879	0.0437361184978912	0.0500857675588331	0.102114709863186	0.0670757107504557	0.0441533788405956	0.0590902723372021	0.121036147116409	0.199494218512339	0.0619287655053457	0.045765972271309	0.0336487263103328	0.0433246492322298	0.0804484959897256	0.130572196879225	0.060871393329161	0.0391747529396115	0.0516898768163242	0.0878339149663072	0.0555318370673275	0.0440556539128597	0.0712888336775692	0.108726538886174
p.Hydroxyphenylacetic.acid/L.Serine	1.1726510427865	1.16238181452424	2.47688378033206	0.702406379901857	0.581971540789389	1.25484501866888	1.08098153483499	2.81697313191145	0.799291989222403	1.44730401910068	0.973107154181199	1.54637376932856	0.990372214558871	1.70882815228781	1.24672329891314	1.50530061382582	0.824519911393881	1.05479654803379	1.74890269929263	1.46913936421501	0.992596605272662	1.21256321533138	2.36867393182473	3.22262370345179	1.18155256573998	0.866131575175577	0.751423921887714	0.996015582372124	1.5319858053997	2.21036678624065	1.13815204168709	0.81707944176702	1.02051547918827	1.58686761587398	1.18333767679879	0.916024562493972	1.45220063037119	2.04012497665178
Alpha.Pinene.oxide/L.Serine	2.50989415554533	2.07431074095348	8.40710923953431	3.45196110499866	4.63850969927127	2.86955343226943	2.51083650190114	6.88947368421053	5.08668021641428	3.65003261578604	3.1632581100141	5.57779673669617	3.59922155200522	3.38601955186435	3.89407901705328	4.63791964322583	2.49634410771015	4.19882166326762	3.28853385830746	2.92278442415655	1.90174710257741	2.74582605026822	4.97478831094416	3.17591118558861	3.1943051745341	4.64092499360014	2.2445590130731	3.39414511804895	3.3014519712706	3.5308724235963	2.08276434919844	3.33439070811576	4.423637864612	3.88189249901577	4.67148335203891	4.43299450264495	7.4738592601237	3.47480911614993
X3.Hydroxyanthranilic.acid/L.Serine	1.65847089487402	1.68195843278803	4.34203287916587	1.56936595917264	1.15059320739345	1.99632283613049	1.64045809112138	4.20813241028089	1.85027489691366	2.58880367279392	1.56501026583824	3.10017189259676	1.79540325695814	2.281226321618	1.86500951173114	3.34903241196291	1.85544020089202	1.94086100345658	2.23986178680098	2.06456435530667	1.50276796901697	1.69378346222487	3.22402162028346	3.67540967710656	2.15288979565813	1.92813840536037	1.14511432167885	1.64821619805556	1.97707089148126	2.7078762689923	2.20573901722409	1.7659145537722	2.10499552606883	3.24481697284113	2.10269849288541	1.60252348188005	2.43701364181206	2.93631009116015
N.Acetylhistamine/L.Serine	13.7627974044701	15.9266813671444	24.9646929018021	17.162329982259	12.8098072562358	9.12432665373842	12.1925775480059	19.8825475599669	15.3487950246178	15.0261309646767	15.2050847457627	15.9606347268843	11.0381226173364	15.0245681381958	10.5310799197938	22.1008461235734	18.6952416918429	14.4919443140935	9.09817750157112	15.9119226638024	8.13366214549938	9.68246546227418	17.1319885989914	20.3897256589564	12.2410730469458	17.9435829759155	10.1534232883558	12.6418102754067	13.7227233676976	16.5013493875856	11.4327922670071	13.362996283982	17.4955559586432	21.5704542529919	15.6159137095514	15.558245358573	18.5284247070736	18.8699544526465
L.Canaline/L.Serine	4.71246065543418	3.33191096759313	6.91795760293518	4.44178304955041	2.71103779244151	3.30363551256046	4.16545764208667	4.52205291331042	2.4752120798451	4.25587994383337	3.69715318285569	3.87889350341145	2.89281795102776	4.26165069686411	3.73466070702966	4.04416239085426	5.60011312217195	4.00843681045299	2.49430480310891	3.76258976194325	3.03185181780576	2.69609989939042	3.60960849982677	5.50697370332704	3.86151295099777	5.62255763465316	3.97463319204434	3.77660700538876	3.27153097798259	3.91542288557214	4.42744641028357	4.29825113236034	5.7577005730659	5.75177572658957	6.09115853658537	1.81237410682103	3.95977988685195	5.88946078431373
L.Histidine/L.Serine	0.103892357742604	0.0720910676544639	0.0825429137056331	0.0791680959788532	0.05290247813923	0.0466750656654002	0.0486536348947539	0.107831174953551	0.0852398322191436	0.0681866329208849	0.0658563305042155	0.0448749022975833	0.0458880039740626	0.0564104781465067	0.0533935954989274	0.0857979102913339	0.0839939055426985	0.0524171510624647	0.0456937189942367	0.0679588045048971	0.0391242302851578	0.0599525180689278	0.11255670040722	0.101321432819703	0.0642383784693851	0.050357447415277	0.051898058388828	0.053433020330865	0.0670122879809366	0.0714365957186753	0.0699465185745577	0.0595533823183328	0.0938961148952865	0.0707999288723093	0.0813982291943372	0.0644715306114752	0.0806635867388451	0.0734540683570059
Imidazolelactic.acid/L.Serine	4.64000972289742	4.0373113471213	3.49747526793075	4.86978773387029	2.21458323124418	2.46297911940906	3.83768233858313	2.70784135014183	4.08743357946311	4.71979626265248	3.31899937389721	3.62535523670895	2.49176095482633	2.47276977508213	2.41995787256451	6.51582306018854	5.71189569631937	3.7704297574475	2.67870726341975	3.95317920477427	2.4238103986772	4.25518400896693	5.26685090320841	5.3488322867424	4.14675181137173	4.03973854267251	4.77522720150423	2.92251843026286	3.44734002374015	4.27924629878869	4.30136892304525	4.78667507356032	6.15016259644201	6.10807856283934	5.08993172322429	3.58544463087248	3.42185830305621	6.43794877290751
X4.Hydroxynonenal/L.Serine	1.58899548415291	1.64414978374687	5.41213522564184	2.14050485866539	3.04494003503571	2.10070443496379	1.83308349988896	4.00888444161436	3.53913718929254	2.64538594417674	1.92529798263281	4.17822335836396	3.04136173436881	2.93637932328007	2.74368446583828	3.24604780208665	2.51818505519101	3.49888590958873	2.16966679433167	2.78406314602518	1.60938834264523	1.58576998050682	3.27160442136995	2.64862693033331	2.52482428592792	3.68425687576209	1.68414799259484	2.51073153568116	2.41936461054943	2.00623422513882	1.91993874425727	2.50183083119736	2.6461002441634	2.85677278614766	3.42188195800363	3.3907334682058	5.48270696002055	3.05316256257783
X2.Aminomuconic.acid/L.Serine	9.99685781618225	4.2593247825446	13.043620292083	4.78251555225971	5.00088524952971	7.05061605061605	6.01795315775084	11.4308317482276	7.55176370590735	9.38236811556817	3.02704596776287	11.952239488117	7.86730512249443	6.18896268184693	7.42482076138544	11.4837176013496	5.80363423212192	7.86343574944831	8.90175582428093	7.56658618127786	6.23478260869565	6.75203794278939	13.4121180913148	12.2787495950761	8.63385323446689	6.74776674937965	3.79213588004728	6.29101546846197	4.96449106449106	9.21909069821387	7.12664847658026	8.07051736357193	6.70091704877032	11.9654507816404	8.44920916856974	6.96861242458829	9.98028673835126	10.2416673770352
Tiglylglycine/L.Serine	3.75878704341833	2.89459973950506	5.23798132571958	2.38394085635076	1.69567011856521	3.57289908876139	2.17234686492532	5.55570029835694	3.64461080914778	3.30387882091111	2.26281068705252	3.84580882352941	3.09199607856868	3.23516283683253	3.45575034074353	4.05211414965005	3.59148287869994	3.77365484094334	3.21493782076589	3.35179052594771	2.46520666716496	2.04672477311528	4.45744438106104	5.22532395919493	3.53155885582806	2.0973737996992	2.60263034288398	2.707121917572	2.95267803502935	3.80356971959039	3.22882381724999	2.81671270148823	3.64771953710007	5.06309843839671	4.36165567829542	3.39598728645213	3.86362813706564	4.94871900486037
Allantoin/L.Serine	1.44695849914724	0.665767945615854	2.36569895096365	1.12878007039925	1.3273709871648	1.56964934390985	1.1065587505865	2.12587131475065	1.5240843983189	1.58094172109147	0.874287813362121	1.94009421714455	1.37299730252878	1.89636125781288	1.01529964098315	1.82323101147671	1.23131451312026	1.29391637105109	1.37958600243528	1.60899315738025	0.9602026259862	1.4940802203929	1.57259298019643	2.37355584082157	0.913955502625453	1.60599438948767	0.792034305763108	1.29989732379438	1.71686148058579	1.5388055367341	1.38509639286306	1.17791569692268	1.34245908028059	2.36007039774727	1.60172847820161	0.995968446686786	1.73917825331306	1.35435689324766
Isopropylmaleate/L.Serine	2.31480021827442	4.42977614228764	10.8571657069738	5.53686921682724	4.98818984547461	5.54920718123444	5.02396530736458	5.05164014290354	6.33712553495007	7.47331381311964	2.19348104122781	7.85802283653846	7.32168469924968	5.72207602339181	4.94671689989236	7.13030091416963	4.8222287161504	6.95704738304423	4.84836645084468	6.26818479055276	4.67597646558446	3.78434955972753	7.05639590012191	6.76805642353361	5.17739957068384	7.11778563015312	3.94607017998187	5.86775809224789	5.61647327707454	5.55038056001676	3.14081719568104	5.24004908351867	6.11739709519883	7.49391988555079	7.02941383435367	4.97017095011048	7.84991113562542	7.10748935163275
X3.Oxooctanoic.acid/L.Serine	0.790745842049668	1.37171208812079	3.91436480018453	1.85624740157984	1.65402774219522	2.39175374188082	1.56919823202319	3.74933356020645	1.65837291995259	2.83184100907074	1.7370898312406	3.3818052502263	2.6236036838978	1.80264369933677	2.57757834957583	2.5081004432634	2.16756425412671	2.84743522758705	2.0681746031746	2.13282200960695	1.85960757780785	1.26981826290556	2.35709868629432	2.39084773558723	1.95168049013091	3.49643201542912	1.30510470643656	2.0547367869951	1.69248496728563	1.95472653944521	1.79809250627465	1.96330565213643	2.21639321660003	2.4436054054842	2.58788632418849	1.70558304733019	3.91511798508375	2.90184286162838
Oenanthic.ether/L.Serine	0.49131657347292	0.531455796328318	1.25550725977989	0.652131902702095	0.625361506635117	0.559836065573771	0.548390579325007	1.09626945497061	0.730970167673144	0.904042255709181	0.630790117046364	1.01086179238901	1.0235753652501	0.482411378987329	0.863450608295364	1.13397747522628	0.772405292392186	1.04374521202289	0.64170820117807	0.549527037280591	0.624943155979991	0.311091990521651	1.03612013525161	1.11266199932485	0.538252476707394	1.31037224430791	0.43544826502254	0.925297654131793	0.406317369267849	0.721972442482538	0.730767885662326	0.700381327264899	0.713008959460658	1.07742739976089	1.02251906443523	0.739362852373085	1.53447222455165	1.52568954132168
X2.Methylbutyrylglycine/L.Serine	1.02389572773353	1.82047889098929	2.80260115606936	0.968214384012945	0.70146056777438	1.26251453445037	0.901883390923121	2.09229527524787	1.71470341313725	1.70931243537927	1.07052505966587	1.46564479067421	1.36655963480212	1.74431767537214	1.6690425387025	1.97295706857785	0.871306123167362	1.19816615798458	1.47818934709853	1.27001223608632	0.794105962656651	0.521462420732126	0.983325782744387	1.94267483279092	1.30414799938205	1.05538198824054	0.716017621145374	1.07558545843211	1.51858630032799	1.69753336892686	1.384209422234	1.14225290892069	1.11497335475742	1.40822635929834	1.58611327225671	1.05592340951204	0.804591852759195	2.04081805982572
DL.2.Aminooctanoic.acid/L.Serine	17.1240188383046	13.0374548736462	23.8339185393258	22.2771061216657	14.3697933227345	15.0912330719886	13.8962542087542	32.7290506250774	16.6800901154604	25.3278203342618	19.7900899372136	25.5510503175379	17.082986749202	18.0364055299539	18.3224520308996	24.3004110774556	25.9596224436287	21.8455552935628	7.977407702198	18.0458471760797	13.8930075821398	10.8003793266951	34.4452281243112	18.6492004920049	21.7220971373432	37.3537087912088	12.8263888888889	17.3006391888913	22.1850694444444	21.1064790228359	26.663547426627	15.7177363699103	18.2883959044369	29.6942426926484	16.09911361805	17.6132289305584	34.0928932659036	34.0836879432624
Oxoadipic.acid/L.Serine	3.53876813273393	4.93694463431305	4.40058346839546	2.45165786694826	1.96295009338488	1.85191988104609	2.15406445720251	4.28262770885297	3.37947888931153	2.59323363219907	2.69860699740837	3.0880911613627	2.8960909061096	2.01882704905349	2.3978606835377	3.63501464472385	4.87685942271697	3.0284714958159	1.88189670113814	2.89176767049387	2.01128151965119	1.3754000362297	4.27666794373598	5.08205403231213	1.87474668961497	2.7676454124472	2.04808467741935	1.90382982851876	2.16278518719112	2.83073361823362	2.55861224489796	2.07233848953594	3.45870835873346	2.77716292786375	2.50269322309909	3.38482556527937	4.77295424057237	5.02867068474803
Methylimidazoleacetic.acid/L.Serine	6.79807692307692	13.8765609990394	15.0108359133127	8.45799635701275	4.75365520143052	7.75283778835591	6.86862908258789	11.2293710451438	9.46282884226222	8.50927063227467	8.35528012609256	8.65943708609272	9.68104582328437	6.95186500888099	7.42407108239095	10.0574434743676	13.630231277533	9.29630744531407	6.55605313474892	8.5987019154662	6.89423076923077	3.49516648764769	11.1293263067939	16.3487168427863	5.56384906903938	8.27682240146097	5.33721541155867	6.60493099966341	6.49781348520289	8.2919883162946	7.39788753171653	6.46282633371169	8.80688458728999	10.4896120150188	9.70891243075129	9.05764543816891	5.94868103288129	10.388672719412
X3.Methyladipic.acid/L.Serine	0.742502625539694	2.92093822667071	4.46778121503324	4.05017095806294	2.92227610733915	3.27933090683807	3.29944039172579	5.67786128408847	3.4259355659668	5.53967709999238	1.70289844491495	4.80637750413527	4.2812022785117	2.80606538571838	4.39235364396655	4.37906700196893	2.98186965425852	4.10869661625793	1.98272844860382	4.02077575996842	3.35387431360586	1.48628103487651	4.05537679053353	1.67719026548673	3.92685195953018	6.01959048146098	2.68838214537756	3.00118528714537	3.51833700440529	3.77789923954373	1.72046493117976	3.67694543106232	4.70823977350386	4.77085527252028	4.3694777359811	2.38449521577817	4.4250328197333	4.90107693562862
D.Alanyl.D.alanine/L.Serine	5.62599469496021	5.76781792773009	9.96608427543679	1.90379821569142	4.51163022861136	3.44080604534005	4.21868012521561	9.0771713010642	3.93065233260336	5.65531584062196	4.3441481040006	7.14326686697624	5.56304135563325	5.38956210410355	5.38193529497877	8.41007113440659	6.22469508361625	4.76775421984356	4.31012239497188	4.96901872293712	3.66181858554458	4.05374621818829	6.96643337939642	6.47774075023498	6.27697741425783	7.61616020165243	3.72880215343203	3.28010865022984	4.62858591712547	6.56646014043784	5.539589961117	4.38121192689965	3.51684532924962	8.64977553021312	8.7313171925531	4.30072955974843	5.42236051138769	7.0268452450579
X7.Hydroxyoctanoic.acid/L.Serine	2.09988449480227	3.5267333984375	11.7641247833622	4.99294623655914	3.66469348037626	5.50591600572097	4.35414743505209	9.36788776305534	5.5299225095696	6.20820175812921	4.40935385080721	6.01253017588229	6.32936749686436	3.83302321026344	6.84299674267101	6.45719788432793	5.02946256222696	4.37158495729722	4.80013999410551	5.61677926375293	3.64643449419569	1.76642109344707	6.28177506230404	5.24956720448722	5.81387741046832	7.15524273121958	3.61126910771418	4.19883385043329	4.40550230986692	5.49778669248859	5.21427383130927	5.21564885496183	5.69649184975195	7.15241508789896	6.69627295884167	3.70110413509418	8.46017173051519	6.41697377557015
N.6..Methyllysine/L.Serine	11.5271739130435	8.73631690353795	7.95954502814259	3.88221523643903	3.06788405403571	9.04635761589404	11.0463365674139	18.0072187414873	13.8465674433102	3.84286016165672	4.78374830796997	14.2321088435374	13.4928189457601	13.9532976827094	4.05806059937083	4.78788072553659	12.8184878301398	13.4857350800582	1.31522101204236	4.09679203539823	2.97389657815247	3.58088350888225	5.42330649639089	14.6434228317558	3.41546553380873	3.45073282152148	3.78154857922819	10.1242099832323	5.71595992127393	12.5830299192655	3.06069039597676	3.72505724566569	15.0543155923209	16.9935117599351	5.9681562910742	3.26746941896024	2.49803998049732	3.91772915511788
